801 4686 6104
7888 4232
-3972 -4187
4678 8103
9901 -8952
7352 -8440
-5346 4339
-655 7773
9735 8021
-8732 2088
9171 -7931
-9682 -3955
1940 -1432
-6149 -3015
3443 -1223
-5166 7818
-5513 3388
-9748 8004
-4214 9770
-595 4479
-8363 -1244
2086 8118
5143 6994
9844 5834
7948 -6907
-3221 -7996
-5273 -3265
3173 -4736
-2997 8444
9772 1274
6735 6039
9347 -6797
-6971 -3366
-1373 8327
1142 4090
-4593 -9609
-8080 1474
-3610 -9868
-3496 -5395
-1327 -819
-7708 3781
3854 1690
4257 3323
-6432 4712
-6090 -7659
-2069 -9641
1434 -2262
-2320 6205
-5921 -9224
-5611 -9022
-8430 -9981
-5871 -9990
6739 -7328
5901 -3989
5831 -6054
-8941 9862
-492 -313
8201 -9535
415 7466
7429 1360
5959 8245
-8887 5442
8162 8841
-5947 -1242
9102 -7142
-4322 3936
-1817 4483
5826 -3417
-5595 4492
-2211 7666
8055 1066
6495 -8905
9096 -5689
-8133 -9876
-7700 -2269
-2580 -2614
-5239 2467
-3309 6823
-4720 3224
5909 5267
2557 7953
9055 9150
7613 -1800
-3313 7584
-1054 -2093
2955 -1675
-9052 8598
-9616 -3378
-599 5292
943 -2043
9332 1501
-4660 6742
2144 -565
1040 -3201
-6191 -423
545 3069
8696 7176
-5477 6255
5096 6092
-4419 -5760
-4951 7341
5052 3831
2253 -1434
-6504 -2561
-5485 -4160
-150 -4117
592 -3278
-5670 -2233
3506 5632
1064 -8082
-9616 8853
4187 6856
5893 6754
-6847 6810
-1982 -1338
7945 -9926
-9421 6871
6602 3143
-8950 -6524
535 -2871
-3191 -571
-6250 5149
-6793 5123
5442 8415
-3210 5437
7620 2981
-3029 9374
-706 -7469
-6324 5591
-3443 4005
-914 185
3819 -8467
8444 -834
-5152 3090
-925 -7956
6164 -5569
6198 -7209
-4342 416
-9710 2107
6421 -361
-264 -4186
-7580 -3220
-751 -5943
-8489 -3051
-1661 4356
9506 -2356
9607 2798
-703 -6479
-1554 237
-1401 -2654
9727 -7983
-3310 -3522
7321 2163
3563 8703
-6264 -8466
-8136 -7595
827 8028
5368 -7946
3250 60
7156 2590
3472 5121
-4351 6403
-399 6074
-270 -5086
1943 1757
2480 5979
9858 -4324
1703 2566
-9931 9058
-8248 1549
9907 -5904
6487 -7087
3757 -9503
7873 -5714
6303 9831
-2500 1011
-6301 8561
-6368 -7490
-8745 -9833
-2965 1160
6912 -5417
1833 -1413
-1514 -5088
-1569 -8268
-2723 9798
-4157 -2201
-7477 -2313
-5169 4365
6861 5933
8215 8906
-401 -1584
1709 -3854
-9867 4177
-3314 7369
4783 6915
9947 7089
7390 7814
6846 -3308
5977 3771
2732 3040
4377 1359
-5157 -4881
-6844 6184
6142 -6466
1608 2364
-4011 -214
-335 -319
-9426 -6099
8775 -2653
-5724 -2450
4048 -1453
-7607 3658
9480 -6828
-3831 -428
3928 -1003
9372 -8827
-4302 329
-3077 2361
2031 -2578
3343 7447
-2340 -6878
-8563 -2236
4365 3487
6273 -1959
3181 -9303
-1056 5227
-370 4549
8720 7958
9175 8774
9991 4595
-8977 -3423
-4183 6638
-8348 3989
1988 2665
-9035 1304
-2863 4236
5620 -3813
6972 -4779
1935 -8187
574 -3294
-2260 -9467
-3582 3053
-5863 2220
-3058 2070
-2761 -1711
9604 483
1954 -5349
3821 3284
-3246 4018
-7819 3238
7449 -7609
-7875 -6830
-8518 -4779
4405 -4438
6603 -2287
4082 -582
-2394 -9712
-9664 4963
4600 5653
-3184 885
5747 3374
3752 7807
2736 3749
9086 -9963
676 -6622
4014 -3075
-7438 -153
3805 -2578
-153 4856
-6804 3255
6135 -1816
7826 -8503
9616 7162
5285 -9579
7618 9787
-1870 9276
1985 -5540
8031 -1509
1485 7865
-8890 5019
-4540 4354
4292 -4044
3964 -9819
-1666 1830
-2442 -8656
-599 9810
4974 5781
2642 5545
-759 6426
-3891 5043
-5855 3313
-8044 -5034
4912 4709
-5092 5094
519 -1947
7705 727
-293 -7524
-562 -5900
2100 1637
-4323 3626
-6214 6977
4992 5086
6995 3115
-9999 -1634
-6193 -8673
-1198 8220
4490 -1887
-2415 -4828
9053 2106
598 2820
3161 -7893
1112 -2670
8209 2047
-4788 699
-8917 -8421
-4319 4889
-3807 -2899
-9981 769
-3380 -5223
574 -4524
2824 9368
990 -2202
4402 4890
-5710 605
-4884 2428
2779 7388
7900 4599
-7677 -844
9667 -6854
-2273 -8072
7586 -3323
5384 -3857
3555 8178
3985 425
1536 7221
-8255 9941
2342 542
330 3261
-1687 -5269
-4450 3506
-8892 -7243
-4517 -819
-2885 9636
7052 2936
6147 1308
4301 9569
-2850 -6318
1002 6965
3952 -9265
555 -5612
-8533 -5248
-8787 2097
-5175 -4759
-3259 871
1952 3140
9963 4988
-7372 -8129
-7408 -1104
-6457 4793
9460 -7455
-1068 2498
821 1031
-6773 6694
-6568 -5205
-255 72
9902 5552
-2226 2594
-8476 -8227
-8593 -6915
1347 9067
4753 2336
-6416 -656
-9221 -3503
3889 -8102
-2598 -4798
-851 4977
4600 -1866
3324 3620
7606 -6215
-8957 -2365
6552 2245
-4272 4479
-9999 -342
6276 -6315
-7681 1948
16 -687
7295 -1683
3407 4494
2253 -3995
1406 1989
-4257 -7251
1667 -5973
8906 -6465
8050 5536
420 5195
-424 7870
6016 -4755
-6983 5546
5850 -3676
4472 -2423
3482 -7729
8231 -5202
-3886 -2635
8621 7073
-2444 9665
-4238 992
-6987 3768
4692 2240
-382 4754
-5652 -9522
-579 -5540
-3604 9014
-8187 -1269
789 173
-9831 3945
5104 -9227
4636 5990
4644 6584
-186 -3652
1248 -4093
-2693 2612
-4671 8191
1094 -3769
3432 5016
-4310 -4271
7792 9563
-4270 6584
185 -3180
-2674 2902
6860 5291
-7229 -4432
5575 -4128
-7713 2447
-7879 7021
-3109 8381
3060 1590
-905 -2946
6629 -6096
5692 -6364
6867 223
-4810 -2494
3865 7961
-3391 8831
-455 251
-7539 -6117
4297 8834
-1659 -9461
-4909 74
-4102 5025
-7237 1917
3600 3120
-9299 -8879
5681 6378
-1769 2855
3015 4271
1137 2438
7395 -7816
-8427 -7390
-4424 4913
-6024 3868
9768 2909
4012 7752
6061 -436
174 -7039
6136 9987
9262 -3563
-1568 763
-7225 1619
2011 1329
-9274 -3014
-7024 4807
-6416 2913
-5653 2910
-8306 2808
4549 -5914
118 -6638
5438 710
-6620 -2808
-347 -2693
-9244 -473
-9035 5891
-9714 846
-3236 6133
1550 -8309
3198 -2242
-1960 -6993
4312 5120
4428 -6757
-7324 4470
4995 9286
805 -2704
316 8078
6109 -6018
8704 8565
7683 2005
-5330 7600
1544 3538
7461 -2460
2813 1467
-1253 -8074
6631 -8133
9416 4563
1670 9647
-4553 9851
1489 -5887
-1755 -4217
1146 3701
60 -139
48 -6675
2262 5488
-713 258
-5296 5906
25 -8766
8785 8522
6745 -3987
79 -9908
3945 -961
-5913 5884
7782 -9158
8671 2332
-3364 9877
8214 3450
-1715 9762
-9983 1512
-3641 -6184
1148 3150
5886 7082
-2093 -6160
-8080 1747
438 -5452
-5519 4072
6397 4680
4531 -8370
-8107 5034
-8318 2332
-5417 302
7172 -2385
6445 -8906
7405 4744
-7121 8341
-4935 7648
4570 2328
2362 3198
-5524 4049
-8383 -2849
5924 -3479
3272 -1984
6839 5512
-666 -1896
-1530 -1767
-2724 3029
-9482 -9265
5076 -1581
1343 -2746
-213 9728
-8125 -779
-5304 9949
7900 7245
3404 -5916
-1214 -2264
-7236 3703
916 7389
1133 7983
-7395 -1524
8411 7026
7919 -765
-2404 8993
-3314 2768
4994 -8368
-1614 6801
-6607 -6210
720 -3504
2856 -4399
-4930 1486
-4113 -4138
-7582 -118
4838 2898
-8681 -7728
6778 -243
-2858 9208
7178 -2556
5478 3011
8306 -3216
5262 -4915
-4363 -1651
4280 8243
3905 9010
1931 369
-5290 6702
5928 9768
-2133 3117
2302 8492
3174 6214
9892 8508
-4804 -6006
-4662 -5830
-2644 9151
100 -8290
-369 7963
4931 -4821
8603 3141
-5604 -1547
4625 -9387
-2037 -9101
-4632 5849
-7374 -8906
3220 -6112
-2135 -3135
-6017 1595
2221 -4526
3329 -8184
-8108 -3000
-518 2386
7415 -2547
-6501 9419
5929 802
8556 6861
6513 6417
6669 -8242
-3865 -972
-6749 939
-6086 2453
1407 -9785
5739 1132
5255 4087
-9129 7512
816 7258
-3290 2342
-2342 -4272
8759 3563
-6675 -1895
-1849 -5994
-6318 7244
-6488 930
-4057 3947
1344 -556
-7433 8215
5313 -4255
-2631 1173
-2887 -7991
-5393 -580
-5532 7090
-6902 -6672
-3276 -5031
4822 -527
-8435 -411
-8199 565
-3395 4995
-7444 -430
6982 395
-7163 8981
7255 5655
530 4853
5178 -7830
-9507 -8892
3243 -8496
1706 718
-5736 8348
-3363 -6275
-936 -6587
4435 5101
3987 -4740
6581 1191
-4440 -287
-2828 2552
-4807 2505
-6344 -772
-8893 -7904
4923 -2790
-4254 4178
2104 -2215
4055 484
7990 8237
-4778 5986
-4385 -1681
-1406 4621
-1333 1772
-5235 2722
5361 -2743
-5097 -4009
-3468 7937
8983 9445
-3497 -4125
8998 3605
-9907 7226
-8566 1266
8486 7435
6583 -4168
5063 8260
-6583 -2355
-8756 -5934
-1132 -1140
-4712 -735
-4605 -6829
7106 2471
5592 -4314
-9507 -1836
3508 663
-3921 9947
-9451 6382
1559 605
-1608 -7450
-6432 5746
-4177 -7369
-7544 -3063
-7970 -4198
4084 5070
8250 -5799
6443 1753
-6095 1475
427 -2109
5572 4755
-9197 111
8965 8804
1647 -4224
4111 2452
2652 5001
6125 4873
-5508 5083
9425 946
1271 -4886
-6447 -402
-5822 -2986
6753 2271
-308 5286
5606 -5010
9852 3991
9589 427
-510 8410
-3966 9142
7898 -2991
5474 9180
6026 -6692
4358 -1109
-1188 -2477
-9524 -3084
7693 1970
-6762 2344
3701 -6456
-6819 8213
-6300 3559
-1737 8536
162 7986
6340 9336
-1682 -7888
6523 1211
-4616 969
-2207 -5669
-5323 3349
2011 3864
-4808 -6425
-5241 3297
3165 7940
3693 -483
9273 1474
6720 -5849
8961 -7078
7007 7835
-9098 8639
3641 1806
-9362 -4896
-5273 9216
-90 -9690
-289 -8386
6081 -8678
-8213 5954
-3558 -3741
1987 -6806
9495 855
1168 9235
5157 -4175
-1875 6574
2038 -870
-1051 1105
-9338 6960
4384 1987
2631 -5483
3758 -3283
2955 -7544
-6877 -4945
-6942 4340
1197 -6573
1553 -8365
1342 -7378
5832 2168
-203 9516
-4259 -1661
1486 -6227
-1008 -40
5002 -2854
6961 655
-4597 1029
4743 -3594
8723 -4473
-7337 9443
5383 -5406
8065 4689
-3105 -4076
-6686 7794
1735 2559
2177 -8725
7242 4442
