74 32 12
-75 89
27 13
6 -72
-54 4
-21 -19
-7 -97
75 97
32 -36
8 30
42 -50
-91 -91
33 -32
36 44
-67 97
-58 -86
-28 38
-27 90
12 -4
-74 23
26 90
94 95
-82 32
31 -32
5 -94
48 57
-70 -49
88 15
-65 -63
-37 -9
-46 63
-3 57
69 -77
37 4
60 17
80 -51
75 84
-75 -54
-16 76
51 28
91 -54
-10 55
-6 42
0 -65
40 76
53 87
24 -25
-90 10
70 -53
-3 -27
-7 66
10 -5
-51 49
-1 34
84 -58
40 89
-1 -41
-27 -90
-51 -89
-54 -90
58 -36
94 -59
55 -60
-55 91
46 -67
6 23
-80 -73
77 87
-24 77
-35 -1
-44 63
-89 51
-22 95
3 38
30 -11
