1395 320 1500
-1818 -9941
-3521 -8556
8795 -2616
-2107 -9776
2318 -3803
-3083 -7159
-9706 -4746
-490 -2648
1181 -3758
-6281 7762
-8349 -770
6495 -7231
1959 -6190
1556 -3821
-9427 2868
-3434 -647
-2043 -6683
-9687 18
444 7565
6704 7922
5863 8094
-1572 -6383
2912 -7542
-461 -5628
7388 4167
4434 2181
-467 -1249
-694 9469
1441 8880
-1309 -2681
7795 979
2798 -8066
3688 2793
4782 1586
948 -442
9187 1178
-594 -8058
-1346 -7027
-7219 4510
-455 -9195
283 7629
-422 -5161
-2440 -6706
-1718 -4416
2840 -7248
8585 -1757
-1462 484
-1730 -4053
7857 5353
-5597 -5728
-2408 -5776
9494 -6006
427 -8348
2585 -5293
1612 -5740
-9504 -5823
-6228 1768
3362 -1767
1528 -7764
-476 694
-9370 -3717
8395 -9732
1506 -4314
575 -1587
-1620 8716
348 -5846
654 -218
-9723 4092
-508 1057
1475 -3774
1771 -2673
1904 -5476
8708 -6093
-1478 -7678
-8074 -7960
1207 -5273
1234 -8365
-8768 4592
3270 -7838
660 -578
-1808 -8223
-691 -7183
6933 156
-5260 -9641
6035 -996
-3044 -8262
-1373 -6779
-9025 393
-4814 1145
64 -976
-674 -8993
4298 -7748
3197 -6900
6096 2333
-4642 -6831
-1971 -4645
1286 4176
-5984 8967
-476 -8896
-1282 8009
4450 -4040
6532 -765
-155 778
-5211 -77
4558 735
143 -6382
3894 383
-1212 7303
7290 -9539
-2349 -4576
-1164 -3542
-4351 522
360 -2658
4023 5100
-3154 3278
2290 -2755
890 -5597
221 -6668
258 -879
9767 824
-3563 -4444
-1530 -6320
-2506 -4881
-392 -5035
-1587 -792
1125 -675
-716 -3325
3488 -8693
2697 -9125
1463 -3951
35 -5778
1498 -9686
-9719 2604
186 -4266
-651 -6755
600 2061
-1322 -8187
8418 3823
-1723 -5375
7987 7464
8081 -6828
-1073 -8292
535 -117
3293 -9294
3654 1495
6293 8801
-4614 -7324
3634 -4994
147 -8277
8003 2057
6140 8907
2542 -6829
-1479 -6582
1034 -744
-1654 -9311
-5890 -6418
-2528 -4282
4656 5111
2604 -4014
7441 1969
-500 -148
956 -1257
3742 -2784
-2760 -2353
1965 -1677
-1948 9206
1812 9991
8937 -1936
1443 -2318
553 -5733
-8001 -8042
747 -9426
-1697 -3216
2783 -8085
1666 6181
-158 165
-255 716
-1073 -3598
-8485 2079
8260 2204
-265 131
-1987 -1654
6231 -7104
1494 146
5218 -7573
6949 -3393
-1480 -7168
2896 7485
-316 -2636
-2848 -8016
9 9605
4175 3160
-617 -334
-178 -245
515 1086
6078 -3623
505 -3970
-8873 -7998
-122 -1682
-3141 8558
-4415 3601
6665 3718
-5719 -5225
2672 -8755
212 -1150
-8893 -6621
8797 5661
2139 -2584
-9636 -9965
-1234 -5973
864 -7723
-1144 396
2944 -4762
-3190 -9950
-793 -5853
8288 1234
-395 -2108
-3999 -4982
8715 278
8304 9176
7361 8212
9137 698
-2381 -7281
2495 -9379
315 -7646
4215 -5548
-863 -3041
7929 -5931
5637 -7635
-2242 -3870
-1430 -598
-862 9562
-1404 -5992
5039 -4320
2044 -9710
-2176 -3630
-6159 1283
-1996 -1260
-726 9045
2900 -9638
-4656 2678
7891 -5597
2617 -5174
6650 -5437
-4974 -8060
-8987 1209
-149 -9880
-5443 3432
2725 6325
-7664 5866
-963 -9016
-8736 2672
558 9263
2980 -5697
-126 -9739
-2697 -8990
-7411 9036
5525 8135
-9019 4152
4313 -2199
-8285 -3161
3211 -9108
-693 -1652
1385 -8135
8104 5154
2936 -8798
-1042 -6196
-1968 -3071
-6440 1680
9590 1989
3908 -5772
-2971 -9455
39 -7007
-1032 -254
8860 -8080
7491 -9497
-75 -1258
-1775 -5493
-6409 7287
-8373 -5734
-3874 1646
-5618 -7267
101 283
-8270 627
7633 -2416
-420 -9368
-635 -3992
8284 3453
-9151 -8855
-4982 2124
-3091 -9071
3283 3377
-8449 1404
-8937 -8914
1546 7529
-1993 -3438
-2083 -7041
1658 -5876
2045 6225
7864 1267
-4766 -8754
-6168 -4244
3711 659
-1150 -2978
81 -8183
7338 -8692
3065 -3969
9106 6046
7581 -8836
2023 -2720
7351 8181
-8063 2556
3564 -7597
-1733 -2205
6907 -5705
-411 -4463
-7061 -9173
2052 -9162
-4909 -1335
-2228 -9858
6674 9992
-9696 -6039
-3862 4137
575 -9295
5571 2116
1310 117
-3671 -7320
-6991 -8583
777 -5232
967 -11
426 -7723
7183 7321
450 -2799
-2096 -7900
975 387
-7607 3663
7298 -7634
1799 4052
-6489 -5135
-8777 9864
-2147 -9434
-1945 -2908
-152 -2579
-7718 -2802
3891 -6650
6155 701
764 329
-452 3485
3990 -3761
62 8517
1272 -4485
1424 -8619
-5663 1711
1814 -8010
-1738 -2047
3544 9545
-7911 -5192
2919 -6210
-2364 -7859
-3554 -3220
2998 -7178
-1539 -9291
181 -2184
-150 1653
262 6052
-7651 4139
-2598 -5110
580 -767
1861 -6261
2972 -6241
1036 -6370
1434 -4238
-3094 -9314
2142 -5991
-1873 353
8675 -2324
-6610 -2979
-8319 5247
9898 7719
-1799 -6709
2913 -8663
-8167 -5559
5412 8490
-152 -2238
-1384 -5769
302 -3403
-4054 1750
-5077 7091
-1274 -5921
-6326 -5364
-2759 -7270
1304 -5682
1256 -2580
-4909 -5915
-3121 -6405
-1880 -5094
-1885 -8919
1819 -4693
2655 9448
-1166 6560
7429 1641
9637 6236
-2617 -667
-8940 6279
3456 6124
-1999 -8315
1187 7619
589 4631
9930 -5970
251 6368
1433 -9906
3497 -9334
-7697 -6723
3171 -9389
2943 -747
515 -1803
3195 -9019
2210 -7318
1002 216
-4330 3714
-2274 -7491
696 -6222
3370 -7865
7899 1188
-656 -7536
-7456 5357
1633 -9933
6600 -9895
7496 -1340
3791 -1874
5484 4226
2019 -3363
3166 -6987
-7871 -1177
-1899 -1858
1262 -2099
-1900 -4734
-103 1377
-6862 7392
3735 -153
2359 -1962
2041 -9892
-1901 -2051
87 -6518
6889 3237
-2180 -4510
2834 4508
-88 -6537
-1294 -8311
1566 -3195
881 2339
-1753 8323
2553 -4320
-690 -8455
-7497 -4209
4909 3010
1008 7395
6628 -3867
-1347 -7210
-2263 -3159
4483 -7823
-1826 -2099
-313 -4215
1764 -8160
6047 -5784
9543 3241
8855 354
-5786 -3181
-14 -8153
-7475 2388
2329 2658
-6869 -3670
-5676 2798
-3098 -7533
-3559 -9204
9419 -795
1261 -8477
-781 -7455
3586 -9821
180 -4091
-556 -873
-692 -833
-257 -4876
-1934 -4293
7767 7996
2673 -5004
-548 -14
-9535 4327
-1709 -3118
-6824 -6545
-170 -9614
6151 2699
4185 -8368
3343 4683
-1059 9760
-9387 -334
-3440 -4566
-5376 5883
6111 -9334
977 -3322
-5757 -8268
9456 -4976
-3265 1272
-9487 7963
-1696 -1574
2050 -8524
-6071 -6039
-474 -7294
-1253 -9786
1055 -9361
717 -7859
-2919 -7966
-1378 -2722
1427 -4700
-1654 9781
897 -2390
-8434 -7212
1184 -5778
7445 -2202
1155 -250
-426 -4654
6712 -6540
9084 8000
3336 -472
-2198 -3148
3730 -9570
-1648 -9050
5664 -3756
33 -8066
173 -6096
-2903 -7735
-865 -1749
-3170 851
2032 4691
-104 -9020
-5 -4787
-7590 6403
-1507 -6042
-9070 -2944
4875 -50
5484 -8362
327 189
6999 662
-2615 1068
-8595 5972
1960 -3053
-9560 3595
-2239 -8300
-3020 3212
944 -643
-1539 5998
-2241 -7473
60 7228
-7757 -1079
4544 1320
2014 -3015
-5795 8579
-1038 -8179
3437 -8342
-2538 -6671
-7055 -2066
-4759 120
2281 -9846
2663 -3411
1240 -5291
2223 -6868
-9535 7206
-2146 -4228
-6028 8906
2592 -9265
-685 774
8838 -9839
471 194
-8654 -9966
9304 2803
6467 -9872
-8152 -3126
-5446 -1564
1682 -8511
1603 -6409
-6937 -6870
9221 -1115
5176 -1844
-1083 4670
-1573 -9157
-8364 -4843
2682 1070
-9028 -4918
653 9395
-319 199
3184 -7067
6021 8249
1782 8270
-7784 7538
-1470 -2340
-1938 -4742
657 -5152
-4249 1627
1847 -8070
-1516 -2469
-384 -404
-8874 -3111
-1178 -2377
9775 -4015
-3047 -6489
-8014 -2676
9452 5977
1180 -5559
-2598 8533
894 488
5534 1925
3138 -7848
-5139 -6691
7972 -8520
559 8214
1667 -9638
2107 1295
6433 1586
745 -500
-5933 -7547
-9573 -9149
148 -6952
2146 -2697
-1946 -6407
588 -5527
7239 -2127
1339 -4034
1204 -7892
9057 2121
-2477 -6169
-1153 -4380
-1457 -4157
-3203 -4126
-7758 -1575
3469 -7310
8261 -2100
585 824
1474 -3741
1001 -5602
-476 -41
-9000 -2780
-84 -1174
748 -7395
-6396 9175
-6420 -7214
-8156 8135
6907 -5740
-397 -8186
1609 -5677
337 -6424
231 -3453
-1179 -4420
3567 -3303
-1316 3320
9886 9515
-534 160
-3342 2629
527 -633
-94 1159
-5761 -7808
4334 7748
791 924
-3875 6293
5391 6920
-2230 -7452
477 -2842
7216 7149
2498 -3814
3539 5931
-2698 -2430
-4890 7390
1056 -9286
1051 -8750
8952 2399
-7709 -8570
-362 -8686
-740 -4682
-55 -1055
1117 -1846
-2075 -2710
854 432
-2389 -4676
-1848 -5674
1788 8408
-1830 -7599
4039 9502
1610 -7407
-488 -5745
-7954 9692
-2063 -7220
-8761 5433
3535 3803
-2246 -3650
9915 1890
-1985 -140
8216 2433
-1716 -1748
-1091 -2755
-942 -9613
2223 -9018
453 -5475
-98 -5792
-1013 -5724
-7500 -5521
-1466 -2159
-4412 -8963
-1696 -3528
-3564 4659
-9049 -140
6583 -6129
-2519 -5483
-6025 3984
-9717 -3823
2526 -9138
706 -1083
4914 -3552
-3385 -7603
-2538 2919
-174 -4711
758 -6689
5804 7945
8881 2912
-1911 -3243
1009 -7160
-8414 6252
843 1672
4609 2360
-137 808
1581 -6385
-2863 -4285
-8018 2634
5233 736
2674 -8816
-507 -2738
-3189 -6384
-4875 -79
-2350 1917
4156 -965
-1203 -9650
-359 -6406
-842 306
618 -8208
2466 6424
-8277 -4335
-117 1426
-4958 -9890
-1956 -3084
6147 -4537
9275 4551
1376 -9597
-5615 7556
7864 -6938
-7249 -5670
1631 -5610
-727 -6961
852 -3309
-6862 -8362
-1993 -4335
-7530 2666
-2885 -6624
-386 1211
-681 -7416
-622 -8054
-3484 -5938
-5106 -3283
-2019 -4206
-2136 -743
-6 -1501
2143 -8527
297 -7689
-1712 -6284
-9856 478
-159 -7483
2223 -4257
-6580 8591
-3139 -7035
9233 -2441
-762 -2824
-9895 -696
-208 1106
2542 -3773
-3571 -7578
-2135 -5514
-372 -3952
167 -4482
328 -863
3539 -5417
-2405 -6254
-2056 -3595
9596 -2635
1331 -6396
-3231 -7958
1007 -1973
2893 6322
3523 -9002
9183 9964
7981 -2156
7729 -5549
1957 -5080
859 -5056
-5680 9690
2225 -8234
5885 8902
5815 7292
2643 -9225
-1358 -1221
-5457 3725
1229 -2893
-2181 -5268
-6218 -9576
-8863 8913
-884 49
698 -8006
-1522 -1166
2302 5418
-2002 -4417
7437 -4316
8714 6484
-4272 5895
2955 -9033
297 9019
1621 -9089
-6073 360
-1237 -5530
2310 -5751
-859 -6177
-1571 -3321
6210 4537
-302 -290
1533 -4097
6285 6605
1575 -9309
-794 -8972
8260 1976
-3275 9165
1802 -7867
4946 2955
-1882 -6580
-3170 -8866
2284 5091
1507 5812
-2914 -8569
5050 -5635
2154 -5724
-132 -5581
-3592 48
-7696 -6002
-5528 9473
412 -9237
5849 6750
8799 3692
-2338 -767
4486 7153
-147 1308
-5385 559
-1585 -2418
-1171 2098
-4871 -5182
-1290 -1568
2357 -3644
-25 -3709
1145 -720
2193 -8334
-317 1306
-9494 1920
-5474 9853
5491 5143
-9473 -8041
-6996 -6682
6578 4637
-2540 3785
-859 -8052
2760 -8979
399 -6019
3620 -6769
-208 -1906
1803 -6665
-7151 -8010
5220 6589
-8391 -2525
1297 8674
-123 -9908
-8815 -6455
8706 1031
1275 -6836
3302 -5349
5036 7411
-1638 -5654
9890 -5500
-8255 5762
-5906 -8851
-1273 3671
-244 -8494
3002 6315
9598 7470
4576 -990
-2292 1742
-233 -1571
399 -4068
3992 -3987
-3226 -7670
656 -7426
1702 -5208
7762 -5438
-7750 4088
2829 -9810
-5903 -6271
-1488 -9678
5232 -5682
9450 -6440
-2873 3893
-4 -978
1110 -2586
-2065 -4303
1177 -4039
-106 -5980
-939 4768
-1344 -2441
-1070 -916
7801 -6153
8265 -7287
2778 -5569
-7994 -126
1117 -6292
-4807 -3851
7119 -4086
-1143 -2036
-1632 4081
8198 7426
3012 -5149
-337 -6800
937 -9536
2088 -9767
3996 4447
-835 -3498
-8234 -2388
-289 -9736
3171 2618
468 -8660
1032 -6558
-11 -9868
-2022 -957
-165 742
2047 -6802
-2 756
9591 5498
2092 -828
2023 -1754
-6824 -1754
9618 5394
82 -5045
-331 -7476
4692 5427
7026 -3908
1155 -7756
6218 6064
7522 -5683
1621 -8338
-1270 -1666
9552 -6139
1526 -3757
-3399 -7617
7305 3852
-3209 -7526
322 -3295
-6404 9382
4710 7441
-1793 -6060
-8737 4603
-2368 -3812
919 -4422
1148 -6507
3842 9537
-1065 -6575
4761 7992
-5188 -5344
7491 753
695 -3297
1135 -6751
1592 -2614
-2764 2716
-420 478
1270 85
-1205 -4446
1205 -6691
-7396 -9081
-3514 -4277
7509 8972
-741 -6895
-1374 -8078
9603 -7836
2842 1092
2609 7547
-6951 4555
-5859 2885
8950 9625
-1890 7875
-2481 8618
-3531 -9124
-7021 -9430
2592 9582
538 -5291
472 -7282
-3602 6346
-7994 -3081
442 -9205
-2441 3129
4141 8283
-7852 8227
2846 -6963
338 -7618
-235 -5215
-168 -2888
2920 -8454
89 -5374
1682 -9621
4894 4190
-1924 -7090
-826 8597
2287 -3512
-5875 776
6128 -8690
6997 2243
-2699 5772
1417 -9265
-2615 2278
5020 -1032
-3997 6508
-1867 -6404
2189 -3619
-6255 5039
-8586 2665
5614 6007
-2599 -6594
-3216 -9279
-9176 -7051
843 -634
-259 -4230
1538 1139
-6506 -2942
3210 -9711
-975 -3760
8988 6690
-7479 -3076
8601 -3441
-7665 2453
9330 -5292
-8800 8133
478 1051
79 -2213
-9282 871
-6698 5293
5971 -3992
-5287 -6391
8916 -6917
-2928 -8065
9616 4591
-3808 7238
-6561 -2294
7392 9443
-259 -9650
1558 -1927
-3725 8771
5132 -3045
1694 -5956
-2461 -9511
711 -467
2860 -7713
-6483 5097
1514 -9643
1787 2284
3505 -8993
526 -7181
3160 9980
-624 -4756
9051 -1897
-5336 587
1908 -8944
1444 -8865
595 -9554
136 -3149
7130 -9885
-489 -1875
413 -5393
7361 8696
1415 5029
3401 730
-1092 -2794
-411 9086
-3529 -2695
-67 6430
-1243 -2853
64 258
-2721 -4292
-2473 -1482
1515 -4221
1829 -6019
814 -3743
2424 -5291
-7875 -8737
8566 -1239
-333 392
-2138 -9830
3582 8777
-2257 -4836
2475 -5323
179 -5589
7342 -9126
-9021 7755
-5942 485
2614 -6787
-2174 -7293
-2922 5562
-2140 9709
2619 -9901
-564 7866
-606 -5194
-537 -4532
2095 -5458
-423 -6334
-2165 7274
-353 -9704
881 529
630 -9530
7957 -3386
1834 -2964
-8818 1382
-8888 5888
86 -5469
8360 -4424
9345 -9170
-201 -5632
-2227 -5081
2590 4650
1333 -9548
-715 6041
-2484 6484
-2914 -8656
1494 -1543
-1157 -7282
1812 -3243
7969 -2367
-8524 -639
733 -6980
8343 1048
-2761 -8861
1968 -1888
-7800 -8195
893 -114
176 -7451
9515 3213
3753 3721
-9519 -4278
4195 2365
9926 5068
-2168 -4575
466 1131
-3259 -9052
1960 -3255
-8768 -6068
400 -4210
1977 6438
-572 -795
-1179 -2702
-4833 -4070
8711 5460
2899 -7243
-1789 -6704
-6932 7933
-1690 -6764
877 -4846
-9866 7284
-2592 -8731
1880 -7110
-4380 5714
1500 -7161
-1277 -9652
4195 4436
-2251 -4936
-976 6004
1955 -3087
610 -3018
981 -1542
6620 -5843
2548 -7129
-6805 6198
-9469 1057
-2649 -1131
-9102 1139
246 -6616
-6224 7778
2686 503
-1311 -2065
9755 9874
1618 -5437
5281 -4041
2899 -5777
-2417 -7111
38 -8409
6334 3556
-5192 4389
1724 -5403
-1582 -7577
2686 4280
1087 -9904
-3204 6451
5919 -3630
-1413 -8375
-8957 -8492
-2156 -8498
-5649 -9295
7712 6388
-975 -745
-7898 1847
873 -1498
-2088 -7161
-878 -371
2632 -7710
-40 -7266
2342 -6376
-2695 714
-220 -8493
275 -8696
-3636 -47
8454 -5360
-637 -2341
-289 2853
-5235 -8351
1327 -1105
588 -21
9553 -5089
-4870 -5522
702 -1344
4879 -2580
-1789 -2199
2340 3578
2508 -5950
2419 -7205
3664 2717
-9785 2135
-3279 4813
-344 -6121
-1561 -4545
19 -9891
-4999 -9309
-9452 4571
-2528 6245
8892 6414
-1057 -6154
-3376 565
822 -5851
6138 -7416
-6804 6137
-965 -2659
-458 -9711
-9023 -8095
2119 -5340
-1426 2144
-4931 698
-2282 -6006
3316 166
2096 -7758
-449 -6493
-6761 -921
-6209 -9427
1093 -9483
391 -1169
-3537 -6824
-3907 -3968
-1606 -4413
-2913 6560
-271 -2477
-745 -469
5870 -6180
7064 2424
-320 109
-5773 -6761
-1995 8620
-1169 -9824
-566 -4519
5479 -5233
7614 -1844
3344 6605
-1205 -6006
9416 -7522
6705 814
-7448 -2354
-1547 -4755
-8653 -7137
8457 -4443
-2948 -7964
3293 5416
5729 -9676
-3859 1919
311 -8293
195 -773
1072 -2485
1223 -9327
-89 -181
544 7425
-2083 -4325
8609 7554
2766 -7931
47 -9366
1829 581
-3974 689
-2270 -3947
9969 6196
-3119 193
-1394 -2237
-5071 -9265
-832 -1871
9923 -4607
425 -7820
-5729 -5615
-1586 3429
1564 -5569
2479 -3789
3731 3518
7268 4832
8912 -2216
-3571 6082
-691 3246
-414 9227
116 -6632
-208 -6726
-1293 -6728
3895 9131
47 -5682
709 7961
-9589 -3975
-1821 -6885
-339 -2579
1024 -928
-5357 -4037
945 -6209
3046 -9764
2283 -8400
-1861 -9126
-8008 8427
-5213 -8155
-14 -2469
4210 -904
5017 -7352
5316 3005
70 -8607
-951 -8322
-1100 -2196
-7941 7691
427 -1425
-2771 -4575
-9447 -1124
-1148 -2110
-2605 -5843
3048 2609
-4639 9922
1880 -3405
5600 -9465
-1360 -7987
5008 -6623
-5255 769
5374 5195
8179 7974
-7258 -8463
-5436 -5518
7655 -1068
-5398 -3443
-3708 -7045
377 -2704
5961 608
647 -4345
-1591 -9168
4968 -190
672 -9626
2110 5853
1815 -2464
6537 -9982
-1412 -7871
3913 9943
-2008 8050
1931 -4856
3108 -9330
5035 2422
-1556 -6740
-2076 -3610
-7183 -8813
-2972 7748
6168 -9855
392 -7580
6048 -279
5625 -3821
-2226 -8262
-9299 -475
-1772 -8480
1179 8743
