614 7803 -767
-4672 -4922
-7898 1429
-5722 3376
-8218 5325
-6862 -2470
-9365 959
-4236 9260
7454 -6446
9127 -1366
1563 -1246
-1670 7977
9207 287
7581 9436
-3451 -4394
2490 639
5705 2431
-2342 -4274
3109 -1329
3765 -1086
8983 585
-9434 630
5782 4563
-2507 -5269
8964 -837
-9987 4038
5723 2589
-1851 7386
-5657 -8572
-7194 -5138
-8796 3819
-6910 -9584
546 -3437
-6076 33
-2588 2926
-4004 384
-8719 -5052
-2675 1662
5605 5496
5040 3642
-6627 -6495
-8551 4750
6407 7244
4149 -1460
1432 7073
-1414 6349
-4910 9998
-7342 7080
-1371 -9295
5211 -660
3269 -4623
-1002 -3257
-1160 2179
1467 3157
5718 -9422
3719 4945
5206 5756
-5698 47
-6762 5155
-7500 7110
8035 614
892 -4973
143 -8987
-2694 1879
-3559 2712
7758 7562
-6758 -3578
-8859 5253
-4945 -5890
-1830 -4558
-4260 1902
-9051 9146
6270 6261
-2210 -4007
3533 3841
-5575 476
-9192 8263
-6291 -3148
-9915 9833
-2624 -6067
1765 3023
-297 -1633
7025 -9678
6525 -7508
4823 2286
-6773 652
-6034 8839
-1471 -2063
4234 -7068
-6531 1079
887 2752
-6008 -1489
-6680 9883
-7509 -2203
-3699 -3242
4930 8307
7745 5688
2083 -1936
8078 -5886
-2736 2198
6533 6009
-267 -334
-9355 -3190
-9562 2443
-4088 1408
4044 8991
-1385 1940
8119 -8900
1986 8818
5001 695
-9762 -4913
-4871 216
9088 4486
-6907 5812
1711 -5087
-5609 9077
6913 7503
-2425 -9660
-4052 5426
-6001 -8927
280 5519
-4110 4189
1930 1649
-6911 1142
1194 7003
-4550 -6556
-4222 -5333
7755 -3110
-5754 1696
6461 413
-1954 7549
7578 -1832
1460 -2285
4456 111
-4468 4808
3549 -3671
4909 -6435
-6871 -5616
639 -9857
2668 -4208
-1368 9841
-3282 6523
1848 3660
-8867 6127
7389 4819
9666 -2992
9011 -6492
-4093 -6037
9679 7574
5224 -5188
5374 -108
3625 -2580
-5630 6031
8128 6041
677 -5486
2445 -5148
-5862 -2389
5578 1975
6554 5423
2617 29
-4424 121
8989 8154
-84 3056
9290 441
-663 785
-5764 -2079
-5622 -237
-4601 -2129
-6466 -3159
-1019 114
-1311 -4639
7169 -606
-6334 -4114
-8444 -5309
579 -4626
-3839 -2899
-9945 2117
-7533 -7012
5884 6892
-4690 -1492
-1319 -2311
-2409 -1635
437 7095
-9725 472
8049 -4707
-9799 8653
5967 -6970
-5820 -2592
-7662 4173
5246 -5094
4424 5730
2606 -9936
4580 -7005
9180 -3296
5386 267
6868 8726
5234 -3203
5319 -729
-6570 3751
-1108 6102
-5805 -7299
-8814 -5438
-5356 -744
7751 4356
-3427 -5964
-4393 5358
-344 8838
6979 -9085
6237 -309
9129 8753
4037 9620
-6957 4099
1605 6369
-171 9010
8917 -3129
621 1641
-6281 -3994
2638 4987
8209 -7959
6329 -9524
-9818 9440
4321 3316
7922 6290
50 540
-8674 9212
6329 -4031
7711 -6406
-326 9210
-7814 4496
8274 9611
5955 -9998
-4008 6896
-6783 -203
5078 -472
-2130 3015
-7961 7973
7115 -9945
-5056 9424
-9224 3099
3758 -5512
-6164 -1438
7667 -1733
-9016 6670
4192 2530
6761 -626
5184 -4238
-5948 7124
-6753 -8113
901 3146
4144 5840
8990 -4319
-5844 -9417
-4832 -9174
-6666 -9316
-3596 -20
309 5352
6868 376
7171 5461
-2501 -4125
-1377 6093
1107 -6825
114 -6953
5928 -956
4083 -5455
-6044 412
8569 6051
-6609 -5552
9804 2644
5905 6546
-2945 8965
-4667 9800
-1930 5541
-9519 444
1002 3924
9197 -9567
-2647 3370
2150 -4476
1308 1188
5186 6567
-3546 -6471
-8011 2472
-4779 2420
6929 1368
7314 -7020
-8735 -4945
3238 5600
6074 -7905
-1507 -7044
2531 146
-8958 3287
8875 8485
-3565 -7157
311 -8626
9704 -9512
5984 -9138
-4284 5637
-325 -6761
2494 8558
-9105 477
9540 3862
-7001 -664
9978 -4557
4145 23
1161 -5668
1982 5176
4293 8426
2642 -8731
1115 -5951
-2476 2264
8084 6463
2092 -7203
7854 -7084
437 4595
-7116 -6263
413 -2698
6535 -184
-6126 -7822
-8012 -4841
-1706 731
-3056 4330
-2517 9287
7292 9843
5753 7208
7660 2670
2330 9459
3360 3210
9475 -1387
-3253 6667
-2576 9010
9156 1601
-3131 -6923
7406 3342
-5800 -9839
-8506 -8767
-1515 8593
-9870 5161
-8760 -2823
5717 522
-6006 -9505
-1513 -6081
-4361 8173
5594 7631
-2192 9450
4681 -1300
1548 -2091
-7529 8129
5686 4579
-6684 -9213
313 -484
-2533 -4280
-8926 2091
-8930 -5531
1948 -6570
-6541 -4987
-978 -7616
2281 -1088
-9261 -9479
1224 -7925
1606 -7458
3829 -2969
9074 -6087
6759 -2802
5789 6325
2050 -4862
-6848 -8856
8266 9717
1899 4806
-4429 1707
8402 -728
-3427 -2309
-9813 -344
9123 3296
-6569 -4070
884 -7218
7926 -5508
4932 5800
-2650 5564
5380 687
8561 8951
-6468 -2112
1728 -9790
-2975 9776
-9602 -1013
-9172 -4083
4489 -8752
8137 -6649
-4170 1559
8745 7965
1173 3390
-3740 5839
5131 -4003
7405 6560
3390 751
1394 -739
9923 -1515
3869 -9790
-6756 4006
-7904 -6690
-5702 55
4663 -6636
8217 3910
1156 584
-5545 5067
1773 8326
-2256 -8135
-734 4698
-8708 -2319
9811 -6853
7561 8907
7582 -5599
8148 8546
-9841 -5149
-5122 -1481
3805 6113
-9866 6162
-3518 2185
-8407 -7121
-4786 6579
1309 9516
3901 9463
4798 -8159
8864 -9568
2754 -4344
929 -9589
3180 -1696
8520 -6385
-538 9503
-1253 -5598
4023 -1351
-8246 2404
4543 -3689
-9435 -747
-8380 6024
7310 2152
-6492 6302
3108 -895
1180 3127
-3394 760
-9171 6608
-256 -3996
-7904 -5094
-5141 -2035
-1932 8430
1282 -588
-154 -7421
-9953 -8170
5862 -4207
-5018 7697
9161 6958
-5967 -5459
-7207 -3477
1539 2179
1900 -3723
4340 1879
6610 3848
8858 4205
-3980 1987
5585 3149
-463 2413
-9572 6102
7416 -6120
9303 1864
-6052 -7733
2761 3890
2974 -8022
5271 7802
-6966 601
-6942 3713
-5419 6357
-198 -9185
3527 4044
2759 -4516
-2819 7317
6472 -934
-3761 9907
-5306 4170
-1601 5193
-2989 -9306
3490 653
2276 -6534
6420 -7287
5754 4399
3701 -3870
572 673
-5301 -2098
-9806 2926
-894 -4165
-3020 6881
134 -506
-6031 -8587
-291 8324
-9385 -4688
-1355 4693
5168 -6159
392 -5912
-8269 -5762
-817 6167
-1542 -5314
7990 -8978
-6067 -5330
-4193 -1649
-3362 -7006
-102 -9766
-1324 9977
-8350 6598
-2183 -5967
-8259 6824
3273 -1100
-2221 7424
-9851 -280
-5347 822
7249 438
8172 9778
7046 513
5604 9139
168 -1353
7296 2455
-9828 -1015
975 8178
-4713 -1494
-4498 -4352
6217 -5710
1666 2471
5361 8639
-9145 6478
5994 -5591
-621 -6882
-5828 -8276
-5549 -7706
-3138 -8476
1150 186
-2692 1288
-4000 4072
-8656 7626
-7600 6362
9590 5997
9974 -7011
-7230 1612
-2437 138
-6131 -2770
-6406 -480
-7016 -8014
-7359 -2577
3968 -6238
4388 -1109
-60 6624
4829 5478
-1106 -6050
-503 496
2450 -1211
-9307 -9671
-9720 -2529
-4897 4738
-4595 -1284
5097 7866
-8149 1112
-2222 -8392
4760 6621
2002 8042
1442 -4704
7185 -9084
-1184 6434
-717 -8920
772 -7459
-2261 1725
-7411 -264
-3015 2718
9569 -2898
9803 -3586
-9622 -4792
-4935 7161
4748 -1420
-6397 -4338
3952 -8757
-9273 -6490
9487 3662
7279 -7315
-5785 6688
9465 -1054
-3462 -2163
8182 5369
-7468 -3226
-6104 4881
-1161 -162
2686 1590
-6194 7143
-543 -8665
4932 1536
8523 -4768
9820 -5853
-6871 -3654
5338 4009
5162 9301
3786 954
-9103 -2110
-9023 6818
5660 3976
-2086 -9130
4243 -80
-6627 -9484
-5522 -2767
-9253 -946
3943 2448
-5004 3520
-3401 7458
3482 -8748
632 -3195
4084 3764
-8310 -696
-9088 -2988
9220 8728
6496 -9010
804 -255
614 -1844
1692 9731
