514 6786 3722
1957 -6028
4721 7575
-3520 6427
2809 1408
-3811 7520
-9614 2953
-6795 -6240
-7658 -1328
-654 -163
7628 -4677
8275 -6959
-3863 9819
-7140 -7226
-310 -4569
-3277 7994
-4781 -8353
-2595 -4490
8533 -9816
-9749 8383
-1976 -7859
-8115 6326
-8353 -8690
8268 8359
-9713 7435
8737 -8933
-3071 -2052
6295 -2818
4685 -6151
5440 1307
-1391 4939
9113 2217
6693 8808
-5953 6497
6641 -2167
5719 -7763
-3409 -4031
-2877 9576
-9499 7631
-5294 6491
-4389 -9609
7268 5618
5119 1203
-1009 -5271
9419 76
-9651 -5075
4717 -8552
5168 -1087
7822 5526
-3035 -3292
-8806 -9277
3299 -4874
2901 6021
-2306 -9075
7233 9322
9075 -2208
4093 2527
-8505 -845
5001 -2362
622 3923
-7383 3927
2467 -4373
-5015 -6470
5783 -3175
6603 -1690
-6052 -9114
-8013 5908
7313 -4844
-8800 1691
-6667 5489
2401 -9787
-7376 -2959
9606 -4516
7895 5034
-580 -8038
-9769 2942
-9523 1515
1216 -9565
-4576 -7794
-9495 75
1562 -7992
-6422 -2354
1387 -8518
5896 -2515
-5210 2026
3999 -3046
-7392 -3475
7735 -1077
4695 -3306
9386 -9175
7409 7738
-2992 2251
-6339 -1148
7854 -6522
-4962 -9704
-6916 154
-8944 1665
2015 1756
-5111 -639
5277 -5322
9552 -5063
-7259 1434
-9246 3057
916 3518
-7935 -8391
6737 5349
-5941 5204
-2250 -3656
8252 -5256
-4219 3197
-7517 -4389
7571 -1638
1034 -8451
3586 2114
-3506 7036
903 6320
-1751 1756
6764 -5687
-3058 -3141
-4124 8616
-9266 -6738
4684 744
-4785 7078
-7412 6483
3075 5468
8495 -6917
-8987 -9514
-134 9397
-2528 4243
4362 5070
5345 4048
2596 2951
-4779 5989
9333 9630
-2160 1574
-7490 5474
7756 9371
-5127 1669
-6146 -739
-3252 -1734
-337 -3007
-2945 7138
9046 6635
7693 2259
-9180 2180
-4777 2206
103 -7928
-3878 -906
2385 -5201
-6865 -9326
-3607 1767
8045 3066
-9580 -4472
-3375 4691
4683 3004
3837 6807
-5515 -8339
9727 -9760
-8075 8911
-9601 5227
9872 -8277
1288 8684
2852 8360
2537 2177
5493 4123
1098 6018
140 3527
-8299 -95
3895 -3272
-9547 1929
89 -7306
-8041 -3710
-3487 -8884
5057 -6119
-2925 5909
5445 2811
8001 2411
-6999 5330
4762 8288
7912 9725
-6491 6531
-5329 8959
8505 -8357
-1200 -6918
-9237 567
-7342 -3874
-7016 -2057
-3526 5759
419 7361
-5272 3279
-7690 7233
-3920 8260
4962 -6807
5660 3226
8345 6544
1110 8312
-7855 3623
-8875 6617
-1033 -3744
-8535 -3403
4613 6947
-9018 -6318
8061 2421
2398 -2394
5838 -852
-8042 -5709
5243 9674
3264 8148
1682 -7669
3867 2296
-8023 -2227
7329 -2217
-1535 4594
-1456 -8807
8858 7558
-5277 -6140
-7520 9831
936 -5427
-2430 -8209
-7060 7880
3423 9066
9038 3767
-597 -9022
5978 -8482
8332 6270
-427 -8277
1135 209
-7134 7488
-679 7341
-1982 166
-8532 -391
-2823 7964
4237 -5728
8367 9202
-7132 6769
-6308 4109
6804 7786
-9927 1800
1853 -7240
-8067 9944
1632 4644
-6148 -2030
3848 5312
5928 2737
7611 -4517
-3692 -2872
6806 -5976
9464 -6850
-7112 -7901
-924 -5036
-8440 5290
4935 -4549
1864 2037
8877 8086
3055 -2065
-8022 6015
-8551 1978
2804 -3163
-332 1673
-2733 -5510
3553 2818
-5940 -5299
-3107 9828
7191 6409
6755 -3009
3452 6784
176 -9536
-5617 -8346
-7434 -1689
-6415 -6487
5092 231
-9404 -3142
4270 -186
-6222 -9952
-5987 -6622
-7279 3675
-4477 -3989
-2891 -6902
646 -5213
-7844 6045
-4361 -7981
1407 23
0 26
1285 -6486
8716 -9674
-519 9730
8787 -1178
-6362 -7060
-2878 4399
-6469 -3910
-1587 -822
-616 -6741
-3869 5220
5269 9181
2485 1467
-6365 9159
3697 1075
6487 -1555
-8658 -1735
-6608 -848
-8708 586
-5498 -2046
2812 -613
5318 1948
-8828 -4926
8980 -3317
319 -1274
-5993 3382
-7808 -9960
68 7182
-6364 4755
-3351 9337
6999 -1281
5510 -1186
292 8672
7823 8910
-3136 -7624
5725 -829
2363 2147
-9036 709
2982 3415
4716 -9313
6191 8774
5694 -1620
9183 7204
6891 -4905
7245 1651
-1885 -9284
5786 -8269
-5245 -1895
97 8906
-2716 -9434
-291 -2339
9751 -4650
-202 -7363
-8154 4069
931 5273
-2876 -3009
-5600 9783
3153 -552
5356 664
-7338 8180
6325 -8312
8718 -3749
6476 5652
-4157 652
1885 3462
6323 -3658
-7224 816
-6421 -565
8153 -7184
-1666 1944
7996 9107
-6979 4222
-4046 3882
4166 -1890
-6234 -8823
6409 80
1360 8026
-6224 8262
5323 -9758
-5223 3283
4236 -117
1264 8490
2790 4413
1763 5818
8536 3046
-708 -9452
5909 5982
-1314 1343
-8927 7634
3227 6205
6805 -8085
-669 255
8796 -229
157 -8980
4855 3732
-5547 -1976
317 -7136
3419 2414
3640 -707
7076 4573
3443 5126
7573 4431
494 7771
5102 3781
-1478 -8166
-5022 -9392
-9463 811
-7242 5676
2463 -7693
-3279 2998
-7505 -6127
-1052 -306
-9407 -6089
9434 9148
-6122 -5356
8494 -7935
-3316 9017
-4273 -9221
1254 4104
-834 -6484
394 4626
-5264 -4697
-6195 -2092
8229 -457
-2634 2285
1749 -6922
-5351 5237
1514 2552
8877 -7134
-3757 -1577
4531 -9161
652 7398
6936 9392
-5042 9013
-2091 3220
-2203 9864
8659 -5635
-841 -5543
-4689 -5974
3932 -1746
-2183 -8488
1696 1652
594 7137
1233 8349
-8708 8617
7612 -3442
-5442 -9350
-5841 6387
6367 -5029
-96 -7581
829 -2984
-3087 -4116
5261 -7782
-9401 -7403
3112 9035
-415 6213
-9246 -7769
4033 -9589
-3587 -2061
-2210 4626
-9894 8130
-6885 -4601
755 6130
-4431 4548
6007 6872
4651 -1705
9947 5807
7926 -6241
-8218 5172
8815 1552
-8050 -5303
265 1330
-5294 5213
4552 -6221
7844 -5497
761 -2470
8920 57
9472 -2873
-1456 -5795
8897 -9469
-9967 -202
-5287 1202
8834 7479
2237 -2638
-1033 3327
-3683 4893
-7022 913
1134 3082
-8313 -9754
6476 8406
-9220 3308
6807 5401
-7504 672
92 -601
2771 2308
-8772 -6997
-7447 -6937
8396 -9936
-2798 7839
-4733 -3133
-5371 -7456
-4858 -4782
5600 1330
-3389 -3161
2130 -305
2210 2721
-3326 -3566
-1658 -2811
-5869 331
-3486 2043
-8408 2929
-5948 5029
-1889 3672
3645 -9713
-6347 -5843
-9319 -4397
-9932 2095
8856 8566
7703 -3864
7026 -138
-9302 1255
1968 4263
-2435 8689
-4805 6462
-9017 9652
3130 -1629
-2716 9041
8717 4021
4922 -8992
-7455 7001
5472 -3858
-811 -1697
-3419 3613
