705 400 2500
-3199 -3896
-1599 902
1 2500
1601 898
3201 -3904
-3201 -3904
-1601 898
-1 2500
1599 902
3199 -3896
7710 2189
-8633 9463
6852 -5110
-8893 -2310
-8173 9360
-5138 3110
3334 7221
6081 -8329
-5486 -4497
-6519 -4526
2198 9139
9952 2894
3735 8579
8079 -341
945 9115
-8807 -882
-5208 -9456
5799 3376
9628 268
8229 -7095
2852 -212
-994 2189
-7309 495
5098 6928
-5333 -8825
1316 6042
6966 7141
1891 4290
3216 -1132
3421 -1672
-4668 -2003
3718 3362
3717 -3069
6567 6153
3962 6701
4404 -7745
-9240 9681
8727 -682
8068 5190
-650 5701
-6433 -4804
-2313 3407
6321 8248
-7995 -8294
7091 -8731
-5473 6792
-5879 -900
938 6740
-3279 5237
7477 5116
6343 -2853
5900 6220
-7553 -5083
-8605 7903
-6832 -968
-8640 -2803
-1315 7210
-8705 -6907
-8644 -5635
-1525 3071
1405 7187
-5916 3441
8353 4853
5733 -7678
2347 1558
7598 -9775
8131 7608
-9301 206
4076 4302
957 4308
-6489 -5960
4030 5114
-9239 -642
-6468 -1631
-8587 1724
7650 1593
6711 -5971
-9587 5227
-9859 1601
-7140 -7786
-6879 -5872
-1780 9967
9797 -7388
-7280 5868
-9646 4639
1488 8287
5171 9141
1512 2926
6668 -1297
7058 -5768
-5722 -7020
-2637 -848
3960 9580
-3166 3184
-1563 3276
-9206 8443
9416 -5864
-6181 4116
1910 7176
9511 5106
-7901 -2890
5776 -9380
-3009 1055
3115 -1392
2120 2479
-6252 -3196
5572 -763
5577 749
4973 -6239
-9592 -6331
5591 3239
8509 5111
6783 -1693
3526 1242
3121 3872
2271 1464
-5977 -4825
-7790 -2104
4722 6022
-8414 -8431
6000 8238
9572 -5345
5095 -9620
-8651 -4448
9945 3820
4858 584
-5641 -7166
-9046 -725
-7042 2284
8397 6015
-2775 7259
-4045 1637
1122 1898
5056 45
-3122 4975
-8931 -5171
3768 2282
-3670 -5874
546 6011
9466 -9092
8127 -2659
6307 -321
2446 2498
2345 7538
-9641 6011
5212 -1199
9193 8186
8161 -9587
-8272 8409
9990 -4417
-2817 7648
-9098 5762
991 9372
-9919 -3203
2468 3178
-3417 -4391
5838 -9767
9738 -1011
3840 -4618
-7995 -3779
-112 4534
4184 -6366
-5264 8579
-8813 5694
6760 -6153
8254 4734
-5083 -4211
-7998 7350
-7016 -5833
2237 7335
3891 535
-1847 7076
8431 2071
-5315 -3868
-8528 1193
6591 1429
6011 9445
-9218 33
6790 5830
-6212 9795
2180 1625
4227 -8273
-5094 -9265
-5711 7552
5648 7826
9418 7783
9244 5901
-7071 -8277
-4008 -414
4639 4579
5763 -8002
-6674 6697
-5214 -6045
4999 -7882
4117 -57
-3084 5618
-9244 1839
-3378 7137
5436 1889
-4712 -2063
8964 8003
-7084 2257
-4691 -1888
6946 -46
5581 4576
2980 -1405
-7572 2183
-5136 -3794
4936 -9917
-8649 -1481
9590 8693
-9184 -959
6568 1018
9252 327
9545 -438
4234 3872
300 3547
-8223 -5963
4127 6722
-8201 8152
-8316 -3947
9392 1669
-6105 -4813
-715 5205
-5425 -9008
-8731 2719
-4090 975
378 6570
2800 -1933
-1477 8917
7328 5328
9614 3282
4633 84
844 6240
-7059 5853
4272 9265
5114 3318
-8839 8517
6409 2593
4765 -2893
6188 8487
8508 -2129
3183 -3638
-4683 7798
-6285 -2407
-9577 6907
4654 9098
7980 7637
6860 -9144
6534 197
477 2383
-8142 -7967
-4353 5944
383 6495
-8220 5877
-4522 -3864
6911 7743
-9561 -8162
3773 242
-5856 8275
1059 3658
8340 9904
-6370 1884
-6866 -7681
3560 -3118
2948 -1360
-4515 -5931
-3945 -654
5838 -7067
6916 -4824
-4809 -2447
3515 5135
7681 6390
6057 -6820
-2301 2170
4421 413
457 3151
-6440 3630
-8522 4201
1095 6140
8389 7001
-8922 8327
9499 -8921
7716 -9918
-6288 -9786
-2965 3070
-7279 -2039
-7101 -3494
8542 2610
7357 -2953
5049 -6967
5983 8005
-8441 5756
5008 -1990
5329 -172
6932 7375
5031 8642
-5319 -4550
-7874 -5985
5709 9431
8896 -6187
6654 3299
3317 9611
-6928 1194
9656 6417
-2515 9947
-8948 -9860
-3121 -963
-9978 -344
6269 -3891
5660 -3601
-277 3511
-2916 9348
4282 -5569
-6939 6195
3888 3205
9777 -6445
9804 9923
7768 8099
-3094 7873
-1291 1928
-1162 2184
-9502 8016
6733 -8874
9724 4240
2430 -200
9340 -4128
6056 -980
-9703 -6638
2423 4503
-8679 -9689
-1521 3171
-3324 -37
3424 8210
9593 -420
-9243 -4023
-8807 2299
5249 6402
-9900 290
7902 5823
5720 6952
-6177 -120
-6525 -8650
4421 3983
7436 -9195
-6169 -3454
5116 338
-7876 9904
-1635 5601
-3759 7925
7517 1655
5081 1178
-890 9760
-9254 -7157
7300 5881
-9520 -1026
5578 9172
9257 -6909
-3712 -4222
-3358 8917
2668 -1386
-780 5644
6965 2826
3078 3325
-8315 4323
-7507 -1219
-9481 -7765
830 5088
-97 9046
-1925 2575
-4381 2979
-4068 9829
-9723 4642
9346 -2375
-2257 2333
-1732 1312
1096 3337
-7157 3681
-8232 -981
-6469 -621
6401 1881
-9079 -7328
-5413 3768
-4947 8098
-7079 6128
9766 -4185
9562 -6900
3856 6678
-7025 -2350
7606 4097
-8083 1514
6403 4174
-2281 5945
-8264 -2076
8299 3058
-8273 -4726
-3629 -532
3190 -1616
3161 -2726
-5244 6684
-6284 -3668
8512 3003
-8860 5984
5401 2088
8225 574
4352 2801
-1760 5510
8600 6258
-3418 -419
8236 -6
-7640 -174
-9606 8060
7818 9578
5150 -406
3502 9083
-2748 -989
7958 5640
7615 -7599
7814 -114
-1330 3274
-2998 -8
6972 4416
9906 -5117
9307 8370
-5348 -9924
-685 9585
4405 5557
7374 -4173
2842 7454
8047 -434
8672 -5829
-7853 3198
6929 6368
3893 -6720
-3996 -7185
-9160 9506
3070 2090
-3974 4502
-6194 -7616
9255 1750
4513 4834
538 9971
-304 8528
-8679 -9896
-8581 -3885
-5322 2144
9966 -8755
6734 -4939
7157 3908
-9890 9052
-2919 6370
-6922 -6187
-5463 2512
-8220 -419
-5859 -7057
5473 9398
6237 -7636
-5134 -25
8946 -7502
-8853 6830
4422 -6837
2710 7610
8263 -1668
8492 -4866
5189 -1489
6702 -6971
-4844 6904
-8765 -3485
7656 -2808
1624 7679
-9614 9553
3547 -5358
4784 -9704
-1866 6877
-9507 -4162
-7670 6419
6707 -8588
6695 7262
-2748 -1617
-6265 -4314
-4742 -3088
6245 -8321
2822 4029
-6426 8460
7364 -8178
5171 -9648
7420 5044
6148 57
5507 9530
8401 3651
-4703 4536
6929 -2082
8689 -2068
-6038 -4959
-2351 7758
7380 4953
-7675 -9173
-7128 3460
6323 -8608
6756 3548
768 5322
2393 1063
2038 2258
-7353 -7413
-4669 9505
1297 6341
6993 -3749
1043 5093
6904 -7354
-7381 757
5354 -552
-7714 1428
-9946 2633
-4790 -6383
5962 5757
-8472 8040
-2806 -1422
-7766 7696
6178 -3468
-2269 4340
-43 3262
-9281 5093
9063 7987
8530 6618
7298 -9346
-4626 6285
-9004 1755
-9547 -9734
4791 -705
-6048 -2560
5163 6403
-9908 1
7021 -7990
-6809 3735
-8309 1229
-6369 454
-6889 -4569
-3960 -7290
8652 5074
-8759 5450
4132 3900
-4620 -1350
-8507 1429
-7149 -2441
4838 -2418
-2110 1495
-9783 1659
3861 -796
-2769 1928
9721 3971
-3656 -5008
-3422 5655
3370 2977
-9383 -2895
-1256 1791
-8040 -4513
-4147 -1679
-3697 -1318
146 5661
-9796 -4933
2420 9672
-4229 -2305
1674 6071
-7315 5353
-8772 -6565
7054 1966
4825 -887
-8431 -3871
-4354 6544
-9344 -7333
4982 -9577
9736 -2851
5029 1008
5736 -4866
-3589 8611
-6862 9888
-6757 -620
5949 -4280
4398 7197
-2141 9177
7605 -9386
-5365 -3330
-1900 2915
8196 1324
8598 4590
5831 -2774
-6755 -1378
5659 -7043
-6489 -6960
3306 -26
9797 3899
8555 -1978
-3131 4015
1523 7035
4005 -1605
8741 2463
-3563 3155
-9964 -7399
6943 7556
-3133 3754
-3994 -6549
-7731 5102
-7747 3296
3482 9024
-9426 6680
-4940 8781
-5340 -9777
-1106 1927
4882 3244
5154 -1780
2886 -402
5416 4194
3548 7843
4041 -4802
3923 -3473
2710 8511
739 6591
-1948 3193
5172 7503
9076 1077
3825 -4091
4949 8290
4934 5903
9115 -41
5414 -8475
9771 5546
4146 376
-2070 5268
9071 -2733
3679 955
9930 183
6094 -171
4201 -2479
-6353 -3466
3589 -5126
-3290 477
-8499 -4017
8951 -8489
-1647 6522
4164 2133
-5267 1400
9596 653
-9136 -2218
8169 4017
2573 -1347
-4926 -4540
9795 -4067
8590 -5379
6411 -1004
4325 4183
1832 2525
2181 5561
7232 9028
4765 -2651
-4451 -9794
7760 -3267
-3443 -2786
-1816 2035
-2310 3871
-4486 5276
-5657 -8059
-3250 5379
-9955 4387
-9279 -8756
-5497 9675
-4661 8107
8339 5231
6705 7620
-6937 -6569
-5390 3205
-3791 9986
-3453 7542
-8974 8041
-4080 -2688
384 9347
-8064 2191
-8327 -9845
7550 -2380
-5628 -9163
-9484 -5145
1718 3719
-5108 371
-1826 2042
5907 -438
1467 1404
-5046 8892
6119 4077
5135 132
2138 8981
5497 -413
-3373 5608
-8000 -7478
6957 8446
1671 2170
-6570 -5751
