253 509 2797
3150 -7093
8678 -1132
-9312 -913
-1029 -8712
-6000 432
6992 3707
-7075 -1759
7168 -8814
9377 1923
1747 -8984
1799 -2033
3369 4986
-7246 1641
9048 5688
8274 -513
-61 314
9458 -7351
4436 8758
-1698 -5989
4638 2557
6408 -8704
-9931 -3202
7895 -1717
-643 -7070
-5107 1252
-8308 -1833
9290 4015
2832 4432
-4617 -3939
2721 409
-918 -9853
-7456 -9830
5307 5012
-7457 1784
278 7836
6083 -8703
-7343 -8068
-8228 -2318
-7747 6017
-1474 -7307
4602 -6345
-9454 -3231
-8345 -7925
6607 -284
6069 -6545
4309 -325
-8489 8245
-4904 5781
-441 -6835
355 2789
-5711 6480
-2646 9885
-3927 1732
-6183 8886
4000 2340
6662 1070
-3283 5913
-213 5312
6656 -7010
9233 -2633
4141 5891
3819 6523
-7735 1704
-7775 -2700
-2589 4050
-83 3933
-887 7094
3070 -3602
-9552 -2011
9949 -9652
-6390 460
5904 7291
-1066 -6825
-3911 5178
-2524 -2413
-2289 9452
6195 9248
9763 5028
8804 -1491
73 3434
144 8939
183 -8149
-1815 6044
6076 9238
-5538 -8644
-4614 -3778
-8850 387
-8145 660
6404 3
-2363 -6742
-8701 -6985
7294 8458
3765 -9293
-3759 -551
7035 -6525
1819 -1161
-6485 -5336
9859 -9124
8228 -6423
8734 -373
-1350 -8042
-7677 -1218
-6129 -8209
7427 3142
3431 -790
882 5582
4807 7168
6521 -5290
-9745 365
820 7830
8536 -7735
-8304 6268
-9394 -9431
1145 -5250
-2879 2590
-459 -8711
-6968 5792
-1806 7180
-6586 1650
-9048 -6326
915 4796
-163 -7961
-9627 -6094
3467 -7107
-7424 -1316
1778 -4547
-7118 9236
5107 -7590
202 1978
-4076 -9127
-2600 -7596
1364 -5202
-4806 -3639
-8053 -6372
-8384 -8033
3391 8605
-4424 8800
-1992 -1715
3194 2677
2237 -5314
-8406 1655
4199 4149
-441 5383
-607 4592
-3312 3065
-4378 9935
4878 6628
4249 -631
7119 6804
1713 3627
-1361 1928
7197 4483
-2580 6375
2759 4735
7407 4858
-9072 478
5445 7790
6868 -6603
5498 6531
-5628 -9731
-165 8316
806 9740
-3596 4316
158 -1317
1385 -7640
-3263 6874
-399 1868
3016 7843
-692 -9042
-9769 6272
-5028 8992
783 7782
-9245 -3124
3961 -8258
928 420
-6391 4174
2355 128
3021 6934
792 2553
-9366 -8189
5536 8213
8248 -464
-1637 8774
-2770 4794
-6668 9092
-1538 -1233
-4745 -2010
7513 2913
-2756 7731
1897 7310
-6197 -2061
883 -8240
-4714 3611
487 -2310
-353 6075
3240 -5806
-3738 1624
-6334 7082
-2648 3313
6103 -3590
-3321 6406
-4695 7345
-8438 1708
8790 -8162
-9456 -5395
1313 6815
437 745
-9826 7975
-4882 9843
9813 4172
7793 -613
-6380 -2976
-4634 615
2283 4607
-9444 5125
-8041 -4697
-6554 -7126
-7288 -9731
9631 -3238
-6452 -2303
-5484 -6024
-3333 -206
-779 -1321
-3054 -4220
-6910 2068
1845 -9447
2187 9003
-2626 -7347
1113 -6353
166 235
-2999 -3377
2892 2233
7264 -7131
3465 -8742
-1669 -4543
-617 3105
4912 -8825
9276 5873
3065 -1847
-2849 1354
9052 6439
-2250 6236
9787 -6948
6591 9753
4386 5340
-3515 -8547
-849 8898
-3074 1930
-7906 -611
-7618 -289
472 5236
6977 -8654
9807 -5318
