315 804 -2762
484 -7992
7591 -8210
6382 1402
-1070 -6307
-1289 -8960
-8904 -9127
8342 -9235
970 2983
-9135 7081
5084 6121
-2783 -789
-7880 8001
7518 4600
-5484 -6101
-5892 9275
-3281 7208
-946 -7028
-7026 -8010
7387 -9442
-3985 3873
-3554 9195
-4886 -5289
-1093 9531
-5944 -1839
-4868 -6397
-8002 -4349
-7053 7024
-6382 -415
-8745 -5043
-8018 -2707
7642 7257
-3948 -112
-9070 -3949
-2368 -822
4075 1601
4112 9565
-8099 -2246
-9449 -2608
-6896 5139
8633 -1475
2523 -9986
1762 6076
7265 -8344
1863 8784
4162 253
1038 -2434
-2225 -9919
8948 2010
2324 -1342
-9317 3996
3499 1820
-1599 -6851
8366 1840
-7727 -2097
-8020 -8778
-9560 -8065
-9938 -468
-224 -9234
-6042 -2471
-3066 6007
-6030 2960
1413 244
-2143 580
3491 -5054
8421 7017
-3119 -1908
-4256 1346
-9764 661
7548 7391
-6518 -2179
-9452 3689
4944 8179
8125 -3419
-1926 -9872
484 -3701
-5626 5626
-9264 -8104
2814 7623
-2814 -8372
6583 -2404
3297 9956
-4017 -1865
-1976 -1333
-5420 -8686
-2054 -5863
-8362 3398
-9985 6918
673 6146
631 57
-5153 -2734
-1117 -9347
2339 5631
-8748 2083
-6676 -3951
-6874 2196
2862 -6684
-3368 -3750
-8768 -5171
6237 -4470
6502 -5318
9298 5267
-7322 2658
-4238 9354
-2346 -6478
-8137 -6112
-901 -4049
-5695 -8743
-3642 -7026
-9547 3603
4593 -1988
-4846 -2340
7538 9913
-1079 344
-6451 2723
-1277 -8215
-9436 -7510
229 7658
9719 4329
-490 -8849
2004 -9533
-6071 1900
-4931 1199
5985 731
4811 8073
-6441 1311
-8739 -3424
8923 -8902
525 3016
-5008 -5546
498 8143
-8151 3292
-5200 -7580
2150 -2874
-7104 -112
441 6734
-6466 -9850
-6445 -9429
8561 -4404
-8038 1025
-2739 233
-4931 -4492
7658 114
-4918 -1371
-3813 -6122
6856 -5930
-9215 7542
6705 -5363
-8490 6136
9179 504
8383 -2944
-4353 -6585
-1871 -4672
5809 5519
2828 -2034
6107 1991
-5235 7294
6325 5791
3621 2149
1487 2151
-7109 2967
-3762 -1554
8533 -8461
1019 5204
1879 5592
8484 520
9713 -9593
5983 6680
4047 -7004
-4665 7679
-7684 -5444
3301 -5415
-9262 4442
3752 1701
-2666 -1299
4843 -4855
2888 4983
4548 -2157
-3684 -4927
-3239 -5621
-5268 -2129
1421 7940
6095 750
-888 4919
-2332 5333
-9605 -5342
-7156 -6901
71 -5351
-821 -8142
-2090 4234
3656 -8777
-186 4332
8012 -4627
-5904 1117
5774 3396
-5447 6457
-965 3188
-4012 -2226
4477 1196
-2432 5477
-1817 -6249
8955 37
-7468 6833
8191 -7641
-2486 -9392
-9280 -9723
-8222 6540
-7284 3862
-6986 1577
7597 -47
-4683 -8368
2205 4774
-8044 9008
1908 3963
-3606 4336
-2993 -3375
6136 7961
9696 5819
6864 -6926
4180 6467
5205 -8081
4772 -3014
-9043 -7469
8927 6646
-8377 -5275
-9035 -2234
-7330 9442
-4735 7176
-9587 7159
-5482 9124
5655 -8437
-8159 -2455
4088 6620
3260 2873
5073 7278
-270 -329
-5377 343
3589 -9054
-5841 4598
-3154 1138
-7849 -7836
2198 -2001
9887 -7793
-5518 -7473
4259 -6594
9495 2997
2506 -3885
5772 5011
-71 799
8703 -3821
319 -8912
-500 -7301
681 9859
4711 -8485
5352 -3765
-4983 2641
-2151 -5307
7786 4717
-7356 -6993
-3792 2527
-3795 -1648
3086 8141
-2714 -6248
4674 8364
8293 1772
1946 -2773
-1352 -7289
4864 2474
9269 -7787
8526 -5240
3633 -6371
-7340 -6783
9997 -3431
-1923 -5442
6482 -8779
3852 -7782
-9156 3463
4469 2490
-8925 8558
8798 5261
-9373 6606
-5097 -3981
7599 -2432
-6905 -9644
-5253 6839
-3916 3213
4798 -1371
2383 3916
-1037 -3759
-2840 5670
-4602 9478
4138 7788
5059 -3578
4872 7599
2773 -7361
8272 8474
-6929 2860
4297 -8037
-6772 -5911
5446 -5264
-8755 -5706
4122 7899
3932 9909
-8306 8939
5722 2714
2294 -5562
3938 -6750
9151 6981
7555 -6075
9026 9731
354 -9967
-1369 7046
-3001 -6229
-4936 -3413
7675 -545
7286 -1608
