1160 6805 6175
-8593 5129
-4670 7477
-1525 7923
-3193 -3686
2698 -698
-6759 8043
2570 -7431
8015 8146
8829 -7953
-6332 4328
8435 1179
3475 -9279
2624 8789
-4041 1458
2796 -8466
-5334 8648
-1086 6451
-4887 -8911
-6744 9666
-8899 -9336
5525 -2308
-5423 9589
6417 -8442
6463 -1996
-1929 9169
222 3866
-891 9142
2371 4748
-7908 7211
-6834 -8350
3166 4672
7353 4174
-3938 8543
-3346 -5563
-8817 -6068
9516 5967
-8082 -2111
5227 -8428
-6243 -6784
6576 6775
-3079 8273
2567 6776
-3433 5053
8578 -2540
6548 7072
8595 2991
-9806 3884
7668 -3206
8302 3948
-5927 -4855
-6365 8561
-7747 9858
-9864 4386
-2181 9808
-6871 5900
-4433 7505
-1955 -2942
4501 5593
-8953 -9575
-7788 9579
7332 -8165
-6375 4537
7751 134
6106 -2184
8003 8179
8298 9202
9931 2222
-9149 8545
7974 -438
3567 8868
-4032 179
208 -5378
-7684 7051
-3492 945
-1986 4620
6407 -9183
-8627 -8194
5733 2058
-7925 5505
6950 992
-5466 6401
4402 4773
5021 -9473
9264 542
8214 8035
-2968 4860
1736 -3668
29 -2808
-4936 5939
2257 9677
5160 -5418
8970 -2915
-9918 3789
-3103 8766
7947 7095
9245 -85
5151 7864
-4974 -4452
-6763 -486
6156 -7278
-3268 8973
1811 3201
-7266 3505
2553 -3141
-2728 6732
9660 8433
-8697 1039
2866 5138
4407 -6454
868 8399
-4009 6620
-9081 3270
-8567 8899
6349 2264
-2238 -2250
-9105 -2720
2867 -2924
-7116 -8225
-6733 -5642
-4371 -8027
9272 -3951
2834 524
9555 -7014
-9174 4644
3522 -8254
8965 3244
-6758 9549
-5512 5773
4942 8573
-8606 -8235
-4780 783
6650 -6707
-7242 7528
1596 9222
-3776 -7496
1908 5292
-638 -5444
5963 -2138
3397 6505
-4530 9032
3014 1147
3327 -2399
817 -5162
7549 -3510
276 -5759
9032 -2558
5052 9054
-3022 3250
8510 8419
-8939 7314
-327 9022
8970 -5479
5844 6986
6814 567
9215 9663
-2230 8719
-7966 -3672
1054 4702
-8038 7485
-8320 -2818
9416 7771
-3681 -3439
932 -2571
-4811 3957
4162 6098
5991 9534
-6412 9094
-2599 563
-4281 2166
-5267 -1464
-4943 5235
2556 4835
-2883 101
6670 7146
-736 8724
-8286 8375
1559 8743
-7341 -9159
2578 1035
3449 8440
710 1329
-1787 2540
9336 7792
5246 8228
-3044 -7013
7950 4690
5904 5335
-854 5388
-4905 -4291
-6378 -3442
3180 9781
-2816 7874
-7829 4958
6402 -7568
2927 5639
-9857 4795
-6669 8439
6330 4055
-8224 8667
1192 5616
-9286 816
-6213 -8201
-1773 -4736
1183 -7770
3578 -6811
-8005 -1523
4203 9255
-1128 884
-4055 9380
1859 7087
-5650 -8931
2296 -1202
-214 -9204
6339 -9052
4952 1873
575 -7103
2196 -3786
-7951 -3593
-4467 5663
-1549 -3460
-8683 -5853
5358 2165
-7029 9280
4547 -2746
-2002 7125
4507 -9946
-4594 -1601
-5639 8727
370 -5607
-7149 9887
4028 -9928
4477 6540
-6120 5136
3011 5266
3148 -2910
-5208 -679
5812 -6258
6222 -1573
-3283 7409
5150 4372
730 6895
9039 -6435
-4744 -2839
1029 -5323
-6413 6615
-4287 6775
1214 120
2660 -6245
3856 4316
6851 -8004
7503 9303
-2876 3062
4533 6640
-8614 -3846
-9852 7009
-9431 9208
-6852 3123
-7310 -5514
6337 -7163
3525 7722
-5450 9502
-3784 -4988
8897 5246
3600 9134
-5915 6659
9107 -6090
5665 5175
5960 2473
6506 1708
9247 3838
-9979 739
3620 -6340
-7414 5113
-5929 8196
1394 5304
-7774 6752
4930 7509
1583 8935
4293 5732
9268 6372
6254 1226
4418 -1733
876 -4748
-2595 -6186
2524 830
-211 7236
4947 7960
-2532 7573
9774 354
-9269 147
-7352 7011
-1612 5970
-26 -5923
-2541 4861
-8683 -3399
2176 -1220
4489 9744
8144 9572
-1946 1236
-7072 7679
8893 7999
-4816 -7132
-3620 8041
7103 1072
-1326 -1152
4064 8183
-5482 6298
-3504 1066
-9197 4498
-7085 -5814
116 9668
-2055 -193
4457 9400
3673 5602
9541 -1023
6779 3001
6965 4696
164 9018
4572 8839
-5529 -5233
3935 -6147
-3023 6692
4795 5333
3393 -1944
-4454 -4896
2021 7235
7335 5975
-4939 649
-4781 -9468
6256 322
7998 9791
2038 7765
-2320 -2330
-1050 -3415
831 -2604
1030 -6936
4884 -6592
6056 -875
2491 6654
3653 -9098
-1869 8445
4157 -86
-40 -3923
-9376 9249
6248 808
6415 7628
-3638 3615
-5999 2194
4352 2869
6869 -405
1091 8955
-7604 -1868
2413 -732
5721 -5935
3983 -8636
3951 8154
-5505 7450
6519 7148
9473 -296
5509 7925
5960 -3183
-875 -5267
-8867 4177
-3503 6377
719 -1185
2345 -3667
-774 7494
2075 8304
6105 4442
-592 3808
5195 6289
-3730 5823
-3470 -9341
5618 513
-9455 -6660
654 4564
3641 6535
4469 -6207
-8072 5173
-6702 8635
5047 8285
447 1925
-2410 -6591
-6244 -3038
2697 6920
-4430 2556
-4182 -9244
9578 3980
6266 -2771
-1088 6584
-4710 5446
-6203 6287
969 590
-9795 -6376
5786 3737
1895 9811
-6705 9202
-2813 8518
-5950 7410
-5641 -4890
-1681 3870
-9962 -4449
8533 -2815
-142 8540
-7389 5179
-1627 7328
8887 50
7642 -5129
4820 -4934
8607 6535
4377 7983
-5415 172
-158 9340
-5689 3803
758 -6272
-2766 -2476
1794 2035
2895 1316
7423 5590
-9137 -6447
-1973 7998
5232 -1333
-457 5652
8089 -2370
-3736 -8415
449 5004
-5437 8661
4513 -5433
-895 4789
3081 -2838
-9644 -786
-2902 8299
8435 7895
-7135 -2047
-2294 4428
2265 -5402
5085 -1576
-462 9650
-3819 -6457
-3266 7105
8931 5339
-2055 -6461
1871 -4238
-1150 -8502
-6810 3634
6117 6500
9669 -7754
8601 4992
9341 -4996
-6305 -2772
3641 2174
-571 8348
-6180 3705
6166 1758
5514 5230
-2312 9038
8958 -4123
272 4864
5537 -9770
713 -4450
4608 -7377
-5519 640
-5548 3371
-6374 -7112
-4027 8518
9420 8364
-6043 8102
-5267 2281
-6566 9418
1521 8390
-6227 4979
-455 5457
3268 -8148
-7772 3378
-5409 1423
-800 2328
-5152 -5946
-1177 -1677
3649 1468
-649 9094
-2907 -8901
-4258 -712
8951 3452
826 7533
-6613 -3089
6623 6527
3202 6691
-1851 8429
-7905 5776
4377 -339
-9777 -2413
-921 4636
-5348 -5149
8417 -5660
-9621 2644
378 7403
-9179 4682
-7382 -2186
4946 8352
9267 -5514
-6171 8982
-128 -4721
-7492 7365
-9864 8961
-4396 5090
3061 5482
-1224 -7653
2141 -6335
-6519 -9817
1920 3138
-3735 -9793
4283 7821
-9739 -3854
-8696 4818
3750 2163
6557 -3999
-3910 -6794
7075 281
-4869 6958
-5759 -6410
7537 9910
7833 4832
3951 -2208
-7289 9692
9136 4216
7267 7989
-1577 7067
-6593 -1332
-4606 7904
-4209 -6178
-4958 6846
-2975 9038
-6887 1362
7122 7834
6956 -2321
7214 -8376
3120 -6
-9680 5462
3815 -2354
-5052 8720
-3156 5213
3784 1294
7873 6076
-3324 -8484
5970 7839
2266 -196
-9795 2635
-9973 801
-6022 -1730
-6281 8923
6518 8031
-3845 -3187
-3876 5960
8595 -1364
6454 3651
-409 4774
-7579 -3265
-4208 7041
-28 1157
-7743 -6800
5408 -4765
-8328 7075
6670 -959
-7378 -1179
543 -5589
4446 804
-7101 -6829
-9931 -924
-7185 -9207
-3020 -8850
5240 -4316
-1318 8241
-4428 4573
-7466 2909
-6344 318
-5140 4968
1304 7377
4618 7923
2753 -3349
1767 7745
198 -7658
-9592 8236
-8300 8991
-9172 -1019
9608 -477
562 5208
-444 -4707
8268 -1552
-4793 1649
5484 -1809
9300 5645
-9026 -9578
-6624 1515
-7888 3318
3652 -5588
1284 -5399
-2612 7197
5784 9206
761 2963
2511 3779
7424 -3452
-6546 -5617
-7918 -5610
-4311 -2850
3813 6685
-9438 5058
9067 8277
9517 1280
2067 1718
1183 159
262 7878
2844 -325
3276 9790
1807 -1557
8444 -5521
-1824 -6037
-3259 1457
3062 -4493
-2575 9617
9908 -7881
8064 1122
-3547 6559
2075 -433
2866 -6662
1199 6149
7566 5659
-4192 1585
6786 3657
-4069 2886
1474 -210
-213 90
-3896 3249
9724 6766
-1049 -5956
5501 4373
7751 -4455
-681 9186
-6000 -6124
-3674 8108
-2145 -1588
-2699 7420
-5116 -4951
9637 -9602
-5716 7583
-901 -4082
-1151 4726
-2047 5620
2248 -4132
-6914 9711
-2926 2137
-4912 5154
3446 -6200
-7933 8536
-8155 4456
2494 5580
-1705 -9760
-1150 1200
-2975 -3956
-796 8085
-1057 1224
7396 6550
8817 9209
-6840 9969
3540 -4448
1010 -8566
-1633 1064
4707 6331
9746 7720
7890 7469
261 9378
2902 3858
7316 -9775
1551 6488
-8180 -5792
1184 7763
-5355 1516
-3862 6337
-5306 -48
-488 1863
-3383 5080
4153 7511
-7429 2462
-4977 1378
8907 1113
746 -6771
-2430 -361
8805 3122
7362 -8539
-4455 5232
4028 7086
-9947 -398
-3964 -363
9108 2193
6281 5857
9844 2653
8518 -7340
2375 293
-6777 5385
2295 -6834
2175 6697
6299 6662
6655 5416
-4879 -5337
7132 6901
4466 8882
2732 -9426
-7944 4351
-9676 -485
-369 -6501
-1637 7336
6568 -6074
-6320 -1600
-5509 -2575
5592 8567
-4904 5971
-1086 1742
-5473 2490
-8187 9926
8730 8908
1865 -8167
7545 -558
7852 -7930
-6940 -500
8997 3611
-9088 6227
7921 -737
-2502 5772
-7401 2940
-8065 -8691
4168 4246
-9581 1951
6508 8050
111 -2017
7040 -4535
-2493 -8605
1727 5597
5313 270
570 -7204
6122 2384
4585 2356
-5448 6111
-4696 -4347
-1042 -4275
-4214 9860
-7742 -1424
-3277 8143
3253 715
-4370 -8608
4122 3188
9887 5848
3952 7311
-5562 -9418
9841 7321
2062 8464
3733 -6824
8165 8069
427 -1467
-2600 8982
7950 6171
-9301 3221
-7191 5576
-8578 8622
-8239 8215
-5969 -7848
-2266 -9400
-597 1856
7066 5787
-3927 1659
-6907 -904
-4665 4633
4492 6031
-5386 3501
-2366 -655
-7409 9379
-8527 5768
570 -3792
6259 5035
2260 -5770
2681 -5345
-3654 8169
6001 -8865
4 2981
4303 959
-4344 -1715
5827 2093
-7411 -38
-9589 -5002
-789 -4312
5387 -1905
-3496 9586
-8055 151
2821 -2844
-5371 9397
4961 8945
37 -6556
7838 6669
6793 4977
-1139 -9746
3281 8919
6608 4272
3791 -6853
-6215 1193
-6365 9015
-1546 -3897
-9311 4862
-3170 7856
-9480 -4801
-5088 5515
-5600 6630
-6981 6922
-9020 -5886
-352 3875
7115 7340
-1967 1117
7654 5183
-454 5412
-3638 2433
7470 4811
-9113 -6388
-354 -9689
9697 -9366
-1837 1002
2875 -8690
2644 8174
8582 9537
6740 -1204
7948 3880
-2437 179
-5187 8697
-1110 -4028
-4427 -4710
8817 -2543
-2997 -3327
7292 7430
-833 4273
6591 1680
-8694 1220
9267 5963
-4281 -2989
778 6676
8533 -7250
-156 -8054
1500 4964
-5156 4526
8307 7461
-6337 4216
1330 2741
7039 7240
8975 6672
1239 8008
264 2282
-6533 6327
-9601 -9201
975 1304
3267 -7425
4710 -7160
7358 -8959
844 -6793
9335 -5151
7694 9290
-9591 -5675
1793 4346
3052 -9172
5083 9958
-3587 370
1959 2477
-8008 5219
1100 -2369
-716 845
840 -8055
-1968 -3117
-1473 -6571
5002 7923
-4428 -7048
9408 5927
6834 1751
2696 2140
9269 3843
5772 6634
-3169 -6544
-1536 -8374
-3539 579
2755 1504
-6522 8426
7019 5476
-2577 4035
8985 2170
7859 -2568
-6330 4403
-2725 6121
-5435 7916
4662 7665
2283 9854
9583 8783
-5266 -3786
8158 -4380
2365 9226
5997 -4763
7857 4393
-7938 -8050
-7862 4417
654 -3117
-5915 6898
-4767 -4301
8710 3830
6542 -8818
-8069 1635
6687 5993
2782 7674
1143 -1100
-559 -7453
-3235 -7399
9506 -5862
-2425 178
-8492 -9992
3756 -4587
-9384 7090
-2356 7884
2357 9008
8497 9182
-9404 6715
-8658 -8979
-1775 463
-2652 7377
8853 8443
2953 2771
7170 6449
9079 8184
-4560 2266
4827 2389
-5613 -9383
9255 3107
5558 7429
-4580 -9567
-6625 -5122
7401 8027
3483 8707
-5893 9410
-6243 6988
-8479 6848
757 1986
8365 4575
2051 -9878
7125 -9380
-6561 -6981
-7328 1153
5255 1058
-4687 2908
-4846 7867
-4758 9954
8982 7602
-5694 9981
-4056 228
4841 6208
8624 -6540
-565 -5202
-7597 -7398
-6519 7846
344 2067
-1764 8262
1728 9339
7937 -8376
8839 -4081
-7064 6818
-8369 -3957
-8387 -4229
-5002 9330
-7149 -4978
5846 6819
-8189 1613
15 -5769
-7290 -5805
9511 5535
-2506 6317
-9667 7853
2757 -9817
3126 3066
-3422 6926
3599 -5047
-4857 8562
1314 -8929
3855 -4238
5550 7960
-2462 7836
-7220 -5421
-2378 6728
-6350 8219
-5810 9746
3656 2486
1198 -2611
2567 2304
-6366 -8091
-5804 -3223
-398 4936
1531 7761
6058 7915
-644 7771
-1707 8739
-9368 3851
-5107 6784
9349 2400
-1582 7040
-436 -6659
-6900 7290
6300 8982
6506 6086
550 5999
4162 1650
7472 -4893
9972 8317
-6099 4833
9249 -3668
-8242 9948
885 7459
5952 -4476
4655 635
-3916 2547
1019 -8515
3673 -4352
9291 -7800
4994 4639
-5760 -8151
-832 -5729
-4985 6488
-9847 9715
3257 4931
151 8969
5462 8385
-6046 -8681
-5305 -3006
6491 6074
9628 -1177
-6426 -4569
-2638 6143
-4014 1303
974 5347
8359 9350
2255 -1583
-969 -6515
3261 9815
-8319 -7457
-2168 8918
-8184 613
-176 -2079
-7732 5387
-7416 2546
1848 5406
-5757 -8250
7474 -659
1452 3284
7045 -7747
-9743 3141
6727 -3793
6007 7570
4746 5416
-4773 -7506
-6111 9179
-6924 7837
7690 9033
-9886 -9963
-9804 8464
5184 6727
1711 -5338
-526 -3413
-9480 -2657
4469 7591
7643 9793
5009 9388
-6388 7853
3696 8506
4068 1814
-2461 -6121
-8375 -6955
-1601 -9656
-9452 6350
375 -6478
7654 -2753
-156 64
6055 -4740
-4743 -2492
-5412 -9745
475 -9946
5272 7214
9113 -8727
-4360 -6976
-8394 9767
9643 9176
9375 4813
-2724 5045
-9101 9475
-5605 -6582
-5713 5985
-6137 -9387
1649 -1580
-3911 -2367
6689 3159
-8322 -665
3918 4993
-6589 7705
-6346 -1148
-6496 4029
-8251 -604
8166 4581
1861 7580
-1182 9927
8170 2314
-3430 7120
-4664 -7679
-3818 6845
3244 -426
-5821 5605
-8268 3737
8085 -9830
1115 4902
860 5113
-4970 -8807
4256 3437
-5093 -8757
6900 9887
-3708 -5988
4497 -8614
-7605 4260
9917 9289
-1717 -6260
3410 9446
-4926 6124
-5081 -1276
-8285 -2398
7202 8739
-7059 1189
-813 6267
-7265 9223
-3740 2628
-8496 6315
9296 -5316
-7106 8811
6375 -4765
4959 -1416
1063 -9656
7494 3673
5385 6040
-1526 9321
-7534 1731
134 1324
-1320 -5530
1363 4766
4619 6368
-2928 1464
4888 9668
-9577 5257
-3746 9372
-9958 9522
-3036 -4366
-5442 728
-3489 -2925
8848 3332
-5817 4981
-8752 9257
-4826 7086
-2699 -9109
