1470 3416 -8240
413 -8795
-149 -8871
-1560 -9609
-1346 -9586
1438 -9498
3591 -9467
410 -9850
-378 -8589
-95 -9495
-700 -9085
-630 -8480
3084 -9142
3592 -9518
-508 -9308
4108 8195
-2732 -9841
-560 -9301
-899 -9789
-588 -9521
2106 -9147
-937 -9480
-344 -9464
924 -9783
-2102 -9725
975 -8729
-2213 -9955
-2152 -8754
360 -8717
-1461 -9675
2203 -9290
487 -8522
1424 -9611
-1072 -9172
6633 -4451
3881 -9730
3997 -9951
492 -9348
2613 -9502
4379 -51
4639 -9968
-20 -9601
3171 -9791
-9 -9250
1765 -9552
18 -9887
925 -9039
-322 -8581
-1501 -8877
367 -9600
2978 -9047
1620 -8509
-6642 -3929
1240 -9235
264 -8378
-1677 -9016
1686 -8617
687 -9283
-2353 -9234
46 -8497
-578 -9775
-129 -9358
3250 -9189
-147 -8841
-1706 -9330
-2720 -8941
-3819 -9692
-1702 -8544
-809 -9133
1524 -8571
-836 -9176
669 -9755
5354 -1974
-805 -9952
-575 -8878
-1083 -9750
2624 -8940
-1780 -9911
-1173 -8890
1447 -9961
217 -8771
6785 -2689
-2568 -9542
2711 -9691
-3326 -9989
2097 -9046
-1595 -8748
144 -9975
4845 3696
6229 -6846
-2803 -8943
4345 -9816
1278 -9156
1335 -8721
1459 -9564
-623 -9327
3999 -9474
-171 -8820
-1999 -9637
-655 -8760
2781 -8932
944 -8536
3236 -9594
-588 -9982
825 -9210
2026 -9491
1089 -8501
-1523 -9417
-1411 -8576
1653 -8740
-1163 -9798
-3050 -8928
-2248 -9247
3937 -9534
-1013 -9330
385 -8356
-552 -9697
1961 -8669
2994 -9446
2020 -9015
-7693 4312
-4348 -9974
-3127 -9094
937 -8473
-636 -8500
-1994 -9798
1709 -9696
245 -8392
4063 -9949
-464 -9159
418 -8472
-1236 -9593
-758 -8841
3338 -9699
2726 -9753
985 -9690
832 -8973
2890 -9401
-1138 -8750
-2714 -9954
4230 -9912
2186 -9345
2674 -8951
2426 -8804
-1050 -8708
-521 -9720
-5165 -8954
-2362 -9071
-2241 -8803
1425 -8687
1775 155
2981 -9155
-3306 -9666
1812 7615
2590 6864
637 -9500
62 -9258
2966 -9148
2815 -8845
-1232 -8963
3717 -9630
2279 -9537
8162 -6734
9946 -5516
4046 -9873
3402 -9335
-2187 -9765
2940 -8892
1033 -8806
139 -8587
-4539 -5611
-9831 -570
-365 -9725
-1144 -728
1351 -9416
2216 -9536
-2061 -8796
727 -9788
-590 -9858
-1317 -9355
-2388 -9759
697 -9159
402 -9219
1845 -8652
-779 -9010
5021 9319
7939 8734
-2454 -8986
-391 -8764
2532 -9492
-493 -9718
4021 -9827
1755 -9353
100 -8270
-2159 -9431
-1855 -9589
1679 -8581
-1427 -9251
-2730 -9637
-3109 -9430
2586 -9543
137 -9341
1766 -9965
-1587 -9812
-2248 -9400
-3165 -9612
-1140 -8732
2501 -9511
-344 -8777
1071 -8910
3829 -9467
-1590 -9667
413 -8554
2491 -9592
-505 -8304
-4022 -9719
-966 -9204
2997 -9477
-3760 -9570
-3050 -9562
1332 -9480
241 -9786
1821 -9517
-1436 -8498
1311 -2597
-1357 -9844
492 -9766
553 -9993
2869 -9997
-3847 -9666
1428 -9262
-4301 -4355
1705 -8598
-785 -8899
333 -9803
-1446 -9213
-1152 -8897
1296 -9838
2841 -9244
-2298 -9572
2994 -9343
-4151 -9736
3976 -9402
-1784 8228
1855 -8691
-640 -8949
5853 5301
2593 -9736
-5389 4043
-1227 -8427
942 -9756
-3589 -9983
392 -9158
-9180 -1633
-3322 -9410
-3790 -9520
-2601 -9387
-2599 -9748
904 -9231
-1157 -9874
-3504 -9775
524 -9241
-1470 -9340
-1244 -9182
-2941 2705
1361 -8863
-421 -8787
497 -9654
-152 -8481
2681 -9433
6811 6152
1234 -9766
-430 -9453
2203 -9435
-1275 -9920
-2609 -9441
-1957 -8577
1990 -8847
-323 -9249
-7294 6550
661 -9025
-192 -9849
-7297 -4455
-1228 -9029
-213 -9405
3936 -9778
1359 -9931
-1938 -9014
-368 -9466
1427 -8929
-4016 -9578
4328 -9800
3917 -9971
-3533 -9937
1381 -8750
-653 -8797
-625 -9091
551 -9648
-686 -8508
-2432 -9486
-3772 -9380
-519 -8690
-724 -9895
-4585 -9921
-367 -8799
-1283 -9199
-906 -8943
-2051 -8693
2786 -9119
-1592 -9468
-3265 -9705
-3675 -9873
1146 -8643
-768 -4589
2592 -8793
4664 -9911
-373 -8563
-791 -9650
-3025 -9205
-2566 -8868
1167 -8694
1506 -8437
-6663 6906
2677 -9733
1202 -9468
-7953 906
-981 -9672
-4054 -9626
-3162 -9337
1482 -8420
74 -8720
-2273 -9892
1252 -9228
570 -8644
-99 -8428
4259 -9819
595 -9249
-559 -8912
1794 -9656
-892 -9680
538 -8642
6012 -4942
2 -9121
-494 -8420
-3960 -9917
-5985 -2728
-1229 -8670
-1503 -9283
-819 -8730
1110 -9057
-2210 -9993
527 -8987
1956 -9626
1111 -9008
1206 -9028
1699 -8574
105 -9503
-3650 -9664
3626 -9961
-2004 -8768
996 -9298
7834 4510
3929 -9525
2213 -9070
-1050 -9868
-782 681
765 -9582
1606 -9778
4337 -9625
-705 -8437
1092 -9155
-3130 -9471
-132 -8918
4699 -590
-3391 -9289
3447 -9685
-1203 -9369
1995 -9445
1703 -9323
2972 -9422
-442 -9753
-2736 -8904
1140 -9275
395 -9390
1398 -9871
-1577 -8873
-170 -9839
-53 -8327
9470 1384
-843 -9875
-3699 -9695
2983 -9011
2649 -9876
1468 -9870
1404 -9444
-802 -8692
-2415 -9479
1092 -9503
4389 -9827
-3253 -9123
-3176 -9106
-1841 -4235
1753 -9921
2163 -8898
70 -8733
1199 -9384
-37 -9653
3266 -9930
-1563 -8595
-1898 -9061
-2818 -8953
-3188 -9501
-1422 -8994
291 -9135
2930 -9515
2591 -9733
-2183 -8931
-3620 -9930
1613 -8980
3228 -9207
1490 -9265
3930 -9469
-1803 -9189
2647 -9353
2738 -9040
-1197 -9633
-4242 -9567
1875 -8724
-218 -8595
-1544 -9437
-390 -8407
1953 -9314
-1993 4114
1157 -8354
2572 -9654
-4118 -9641
-2662 -9453
-935 -9966
3285 -9712
-693 -9480
3811 -9919
2857 -9490
-1767 -9953
1615 -9790
2309 -8834
2415 -9075
-148 -8534
-1399 -9071
-1515 -8968
-2385 -9954
3386 -9646
-320 -9319
1373 -9260
93 -8309
-1926 -8654
7399 -6156
-1365 -9955
1597 -9972
-3282 -4035
-3942 -9786
2785 -9196
1541 -9546
-2021 -8874
-1012 -8501
-326 -8829
-653 -8655
1198 -9728
6664 -9888
-1657 -8968
-1101 -9376
-3552 -9194
3257 -9966
-3619 -9748
1020 -8719
-4528 -9813
-4399 -9664
-1271 -9415
-2350 -8775
3573 -9951
240 -9523
1393 -8653
-9683 -6971
3695 -9805
2485 -8804
1120 -9831
-2711 -9083
-743 -9400
-766 -8531
-2537 -9733
1550 -9035
3113 -9891
-597 -8548
-1095 -8658
2057 -9292
-1853 -9791
833 -9936
-827 -8752
-2703 -9254
-3890 -9751
1679 -8526
-712 -9064
-1903 -8880
983 -8563
1629 -9880
-111 -9592
1255 -9652
-1122 5673
8751 -5884
-2784 -9034
-161 -8344
2861 -9092
-2911 -9424
-3105 -9470
-1089 -9665
-8284 310
2898 -9182
1830 -9349
-1638 -5365
-2309 -9099
-1108 2936
-3836 -9557
2271 -9136
2878 -9994
-4167 -9847
-5577 -7651
-2330 -9332
2511 -9494
-1138 -9988
242 -9188
-4771 -9944
-200 -9590
587 -8964
1520 -9279
-251 -8993
692 -9980
842 -8600
-1256 -9618
746 -8705
-539 -9124
2294 -9790
285 -9703
-1992 -9204
-317 -9469
-4734 -9937
61 -9859
-1988 -9136
-4502 -9921
617 -8869
2172 -8940
951 -9537
-44 -9159
-2129 -8715
6633 3443
-1094 -9951
-4214 -9583
-395 -9216
4604 -9804
2920 -9178
2406 -8725
5432 8598
794 -9671
-1832 -8643
5002 -4041
2366 -8672
-1694 -8941
-711 -8866
-61 -8568
-80 -8304
1089 -8805
-95 -9504
-797 -6484
-2096 -9169
-3041 -9709
-176 -9312
-1069 -8672
-202 -8488
1900 -9477
-3593 -9532
29 -8595
-1375 -9927
-1995 -9145
-7958 -8855
-9966 -5746
2512 -9452
3969 -9904
6996 7935
1106 -9473
576 -8290
793 -9527
-2810 -9873
133 -8717
-3154 -9030
3512 -9328
-4350 -9836
266 -9094
1872 -8578
8235 -5564
-2023 -9331
3468 -9812
3612 -9714
1689 -9683
2081 -8861
-952 -8385
2300 -8983
-642 -8382
2823 -9894
-1150 -8661
-2892 -9594
5042 -4010
-719 -9913
-1117 -9120
2367 -9491
4491 -9838
716 -8927
1520 -9341
148 -8548
-2328 -9399
-3693 -9839
7928 342
787 -9711
-1270 -8694
32 -9689
-4603 -5314
2567 -9728
-2290 -8636
187 -9591
3716 5237
-137 -9876
3684 -9465
9857 2753
3016 -9038
-2683 -9395
-974 -9049
2623 -9730
298 -8775
-4165 -9960
-2252 -8932
9986 1692
679 -8724
-211 -8244
-341 -8316
4022 -9979
157 -9157
-727 -9915
-2680 -9713
-618 -9327
-328 -9128
-37 -9871
-4331 -9914
-1775 -9148
-2894 -9637
788 -9704
-338 -9784
1108 -9657
2030 -9647
-4604 -9807
-4362 -9839
-1293 -9096
-2433 -9655
-474 -9909
547 -9349
3494 -9353
2840 -9930
3991 -9903
-792 -8979
-13 -8580
-3151 -9572
358 -8268
3792 -9645
2208 -9820
-1748 -6046
1 -8935
-1058 -9212
543 -8379
2037 -9276
457 -8827
-2028 -9579
-2224 -9113
-1946 8103
-5270 -5869
2142 -9656
-3577 -9969
1320 -8554
-2228 -9647
-2604 -9043
7007 -5700
2333 -8857
-1953 -9981
-2632 -9372
3486 -9638
934 -9107
-7727 5448
-2383 -9947
-2660 -8948
-4299 -9920
645 -8594
-138 -8786
-3615 -9713
3001 -9885
-1758 -9917
2339 -9173
-2585 -9519
-624 -9600
-4097 -9987
-3447 -4204
1365 -8820
529 -9605
-3368 -9407
-59 -8759
1003 -8394
-1855 -8912
3014 -9359
1274 -9339
-1824 -8905
1272 -8663
1871 -8934
-1838 8947
3475 -9377
1021 -9815
20 9978
790 -9181
-1211 -8912
1672 -9044
1398 -9297
-2170 -8680
74 -8888
3562 -9218
828 -8747
-3025 -9486
-2609 -9298
-872 -9861
-706 -8977
-1205 -9398
2455 -9616
4794 -3964
581 -8604
-1677 -9166
-1135 -9129
2185 -9210
1490 -9913
942 -8749
-384 -8752
-2949 -9938
7622 8961
2692 -9752
1324 -9701
-1065 -9777
-2399 -9606
947 -8620
429 -8625
1827 -9150
-1710 -8975
-3158 -9753
3119 8988
-2842 -9819
-530 -8928
395 -8741
2682 -9094
-2655 -9432
-1019 -8691
1457 -93
1804 -8754
-2312 -9407
303 -9361
2322 -9539
1503 -9739
-155 -9837
-668 -8449
-2340 -9819
1745 -9605
-2318 -8755
1048 -9203
-670 -8665
7085 387
270 -9692
297 -9905
616 -9007
2453 -9760
2395 -8979
76 -8650
2124 -8661
2295 -9154
3712 -9579
-1626 8599
4268 -9754
1153 -9368
1011 -8907
-1880 -9789
1998 -9592
898 -9366
-3393 -9551
6398 -1289
1931 -9228
-1396 -8608
-1086 -9108
-2322 -2624
1883 -8730
-1861 -9980
9452 -3198
-2303 -9343
-188 -8923
-2463 -9674
121 -9372
3342 -9059
-3621 -9916
-1994 -8619
-3838 -9739
236 -9966
1613 -9977
473 -9274
-2129 -9312
-979 -8489
1567 -8480
-1408 -8789
-664 -9855
-8675 -5317
2797 3212
-2080 -9476
-1053 -9335
3162 -9386
2886 -4045
-3291 -2388
646 1519
1049 -8567
498 -9164
3801 -9683
-1423 -8871
-64 -9582
812 -9251
-178 -8734
2380 -8761
2270 -9132
-1767 -9630
-1389 -8606
3169 -9063
2597 -9179
-2355 -9898
-1301 -9228
-1111 -9754
-2413 -9042
-630 -9818
3172 -9657
1912 -8666
-6573 -9966
3050 -9134
589 -8635
-2486 -9224
1330 -9956
595 -8544
-3205 -9231
-2344 -9360
-648 -9045
-517 -8455
1149 -9530
-2475 9877
1161 -8859
-7774 9735
357 -9677
-4046 -9636
2635 -8851
141 -9316
-2893 -9563
1600 -9420
-1288 291
2250 -8853
4016 -9777
185 -9242
-3243 -9795
2605 -9407
2917 -9330
-7063 8773
-990 -9595
3729 -9292
9875 8266
-1253 -9842
-2755 -9597
1092 -9588
2494 -9649
-101 -9254
8763 -3365
2677 -8840
4116 -9815
-1449 -8890
2346 -8766
-1810 -8655
-106 -9283
921 -8335
-1982 -3068
-776 -9801
2100 -8956
1085 -9059
3125 3329
2100 -9060
-4241 -9557
2468 2342
-4589 4470
2933 -9417
-2195 -9424
-2184 -8998
-1062 -9702
875 -9632
1065 -9305
-1876 -9907
1518 -9836
-2144 -8587
-145 -9089
-2400 -8762
-2600 -9412
922 -8412
1721 -8666
2419 -9415
-516 -9269
-2094 -9520
-1690 -9721
-1007 -8790
383 -8283
-1837 -9601
-358 -9643
-631 -8714
2586 -9258
368 -9661
2226 -9880
-2696 -9843
-2906 -9498
-1060 -8616
-1919 -8562
-3704 -9427
-3162 -9620
-2004 -9237
-1722 -8797
-2513 -9987
2278 -8684
400 -9469
-6918 -5416
-1025 -9973
-1478 -9932
-1336 6018
2669 -9103
-2649 -9014
1405 -9938
-1224 -9552
-1761 -8803
1512 -9252
-3755 -9747
1524 -9838
3258 -9064
-3390 -9935
559 -8474
4573 -9930
-3833 -9785
1969 -8865
1426 -9244
-1720 -8674
-1706 -9896
-777 -9201
1240 -9265
-3027 -9361
4143 -9517
2451 -717
2257 -9188
1329 -8611
168 -9730
986 -9152
-1553 -1375
499 3108
1655 -8882
611 -8721
-559 -9254
3342 -9939
1725 -9322
2813 -9119
7548 3380
-6584 -5652
-3318 -9838
-5244 -1179
-2192 -9307
-70 -8285
16 -9251
448 -9623
4301 -9708
779 -8374
319 -8789
-8935 8929
1893 -9692
-1743 -9072
-816 -8742
1183 -8879
-1358 -8845
1290 -9153
-2174 -9307
-2393 -9270
3300 -9406
4031 -9943
1724 -8883
-3776 -9563
-366 -8584
-1032 -9052
615 -9485
2383 -8730
-275 -9387
-2299 -9513
1277 -9427
-524 -9202
1366 -8566
877 -8436
-1555 -8921
-254 -9069
-3090 -9211
-2913 -9703
-8928 7217
3704 -9391
-3153 -9741
178 -8791
-2486 -9194
3069 -9879
1371 -2481
2736 -9186
2829 -9851
-71 -9512
2284 -9173
-92 -9322
-2954 -8567
-3184 -9270
-1333 -8386
2097 -9390
3149 -9431
2797 -9096
-332 -9285
1810 -9565
3992 -9531
1267 -9425
-3230 -9997
-2524 -9131
52 -8809
-2289 -9605
-4115 -9682
2119 -8774
-2880 -9926
6447 7635
2937 -9858
3717 -9402
-852 -9035
-1714 -8921
1652 -9742
-1557 -9437
-1393 -9181
1332 -9899
9091 -6271
13 -9878
-498 -9960
-1135 -9965
-1354 -9922
-1134 -8918
8732 -5375
4209 -9616
584 -9835
2089 -9205
-505 -8515
-669 -9239
4252 -9981
1860 -892
-1065 -9116
4356 -9864
9793 5224
3730 -9690
-3216 -9231
-115 -8386
-1225 -9345
2329 -9978
-4144 -9816
1109 -9928
-3008 -9772
-337 -9361
3861 -9498
-951 -9441
-2760 -9681
-257 -9768
-618 -8591
2264 -9565
-5765 -5983
4286 -9726
-2473 -9728
-3749 6565
-228 -8325
199 -8575
4737 -9939
1198 -8748
1955 -8737
-1540 -9440
1458 -8434
177 -9542
-644 -8330
-230 -9844
-1407 -8576
2488 -9160
2414 -9626
1416 -8970
432 -9195
-137 -9339
-2063 -8585
1243 -8946
1596 -8967
755 -9826
-1447 -8736
-364 -3145
-933 -9313
1656 -8449
1337 -9839
-1015 -9559
-1703 -8666
-969 -9744
4322 -9685
905 -8606
-3188 -9631
-1031 -9112
2455 -9157
650 -9200
529 -8796
-868 -9698
-1880 -9276
7119 3896
2594 -9165
1417 -8441
-1905 -9239
2713 -8972
-3840 -9409
711 -8949
-2677 -9767
2972 -9510
-797 -8406
-4048 -9507
-4541 -9777
1991 -9095
-404 -9603
2509 6465
-3233 -9282
3002 -9991
-1540 -8785
-1450 -3554
-1155 -8857
-952 -9274
3890 -9747
-1798 -8642
1171 -8838
-48 -8309
-3864 -9883
29 -9220
2061 -8816
1449 -9933
3630 -9650
-1046 -9277
-1086 -9828
-1778 -9433
-1643 -9185
834 -8526
702 -9381
159 -9527
2712 -9676
-1378 -8770
307 -8830
374 -9903
493 -9725
-3220 -9033
1279 -9771
4145 -9515
-2845 -9941
-2642 -9917
1125 -9096
2381 -8920
4200 -9629
-304 -8356
-1366 -8574
-1709 -9301
2869 -9094
1223 -8522
1415 -8580
-1434 -8589
-434 -9968
2532 -8817
-1683 -8596
854 -8657
-2230 -9840
-66 -8317
683 -9474
1015 -8838
-8855 -8714
-1878 -8751
-166 -9574
-1745 -8907
-3820 -9361
-200 -9063
4259 4979
-2999 -1783
1855 -8931
-2468 -9048
-1765 -9579
-669 -9406
2764 -9621
778 -9997
3586 -9765
-2740 -9884
1479 -9944
1450 -8908
-3287 -9306
-1656 -9069
-3567 -9632
-2069 8828
2131 -9971
2645 -9055
1809 -8805
-2031 -9196
-1368 -8780
3308 -9170
-2328 -9474
-2143 -9628
538 -8466
86 -9631
-3588 -9197
855 -9942
1330 -9852
627 -8614
-1668 -9742
6197 8065
713 -9942
-3594 -9925
1037 -8371
-3246 -9391
-1649 -9418
40 -8584
2070 -9150
-1064 -8920
2157 -9642
1287 -9375
-333 -8698
-1428 -9618
139 -9171
-3305 -9836
2694 -8983
-3324 -9067
402 -8762
4657 -9881
2583 -9510
-163 -9626
1519 -8664
1834 -9909
1391 -8815
-2552 -9892
934 -9002
-363 -9856
-1119 -8950
-906 -9673
-1723 -9475
-917 -8973
4211 -9716
1046 -9075
-2595 -9097
3766 -9946
2383 -9164
-323 -9195
1645 -9221
-8516 -8883
-1874 -9318
-3013 -9444
7652 -3875
-1505 -9100
-1267 -9189
1961 3263
2450 -9173
-3458 -9967
3170 -9783
-3694 -9674
752 -8846
2300 -9715
98 -8435
-1907 -9509
3981 -9583
1686 -8742
4252 -9674
-178 -9310
1708 -9593
-1691 -8523
-2569 -9228
1336 -9027
-2686 -9753
-229 -9890
-2173 -8852
899 -9739
3746 -9616
-9933 8441
127 -8317
-1058 -9632
3973 -9874
559 -9370
3199 -9605
1191 1219
312 -8855
112 808
-5287 -7668
1016 -9925
2184 -9793
2235 -9988
-1617 -9156
-2726 -9302
-895 -8748
369 -9145
2072 -9278
-1102 -9731
-4391 -9779
2117 -8726
751 -9502
-73 -8838
-3806 -9673
-2062 -9658
-275 -8412
-6616 -5654
-789 -8511
3556 -9379
2247 -8956
2888 -9718
1687 -9119
-1978 -9222
1464 -9891
327 -8726
-1300 -8942
-1847 -8603
-1528 -9173
1490 -8639
4330 -2589
-245 -9469
-3860 -9488
-50 -6265
-4481 -9954
3789 -9980
-2662 -9607
-126 -9063
-2309 -9980
-1596 -8833
2580 -9204
3153 -9714
1492 -9822
1892 -9458
1420 -9919
-9024 4027
3150 -9765
-4026 -9757
3820 -9339
2806 -9155
2432 -9475
-2183 -8735
-2719 4034
1189 -9643
130 -9424
-1994 -9025
6177 -5496
-363 -8543
-1140 -9025
-1250 -9480
261 -9126
-1122 -9055
-105 -9722
-522 -8420
3435 -9493
-9296 3053
1409 -9258
-3413 -9322
8562 -9838
326 -8656
1906 -8570
1842 -8623
-2186 -8645
550 -9970
1078 -8353
-1405 -9368
89 -9855
1091 -9512
2768 -9086
482 -8781
-368 -9438
3250 -9061
525 -9548
-2580 -9116
-2641 -9062
1572 -9539
-3627 -9235
2677 -9154
1364 -8472
1943 -9205
1584 -9742
404 -9139
1982 -8967
-1698 -8771
-1388 -8464
2672 -9675
52 -9172
257 -8357
5967 20
-2233 -9275
-2549 -8820
1473 -3666
-310 -8425
-1797 -8945
-1236 -9664
-1757 -9987
3733 -9285
487 -9191
-705 -9324
269 -9139
2837 -9557
3373 -9504
732 -8588
-2323 -9495
-99 -8452
1448 -9276
2546 -9503
-3073 -8944
775 -8655
1650 -8492
-950 -8372
-3113 -9250
-2353 -8897
-4658 1518
-1316 -8813
1677 -8710
-1938 -9634
386 -9474
-2963 -9618
7328 9970
666 -8350
-4274 -9770
-1494 -8879
3930 -9443
-439 -8386
-2597 -9781
-237 -9296
2494 -9719
1861 -9444
-28 -8515
2814 -9318
1286 -8813
489 -9868
552 -8602
3909 -9879
-1604 -9382
-554 -9445
-2640 -8894
-70 -9350
-1154 -9187
2197 -9562
-2124 -8754
-5620 -7334
-2880 -9633
-2085 -9053
-1174 -9540
-2009 -8573
-1021 -9901
-1089 -9713
7090 9606
-2712 -8988
-2592 -9536
471 -9251
-155 -9345
-3831 -9743
403 -8967
1547 -9929
-1892 -9526
3944 -9390
-1909 -9830
-1046 -8926
-2235 -9686
1437 -9291
1433 -8539
