1129 320 -2000
320 -2000
-320 -2000
319 -2000
-319 -2000
318 -2000
-318 -2000
317 -2000
-317 -2000
316 -2000
-316 -2000
315 -2000
-315 -2000
314 -2000
-314 -2000
313 -2000
-313 -2000
312 -2000
-312 -2000
311 -2000
-311 -2000
310 -2000
-310 -2000
309 -2000
-309 -2000
308 -2000
-308 -2000
307 -2000
-307 -2000
306 -2000
-306 -2000
305 -2000
-305 -2000
304 -2000
-304 -2000
303 -2000
-303 -2000
302 -2000
-302 -2000
301 -2000
-301 -2000
300 -2000
-300 -2000
299 -2000
-299 -2000
298 -2000
-298 -2000
297 -2000
-297 -2000
296 -2000
-296 -2000
295 -2000
-295 -2000
294 -2000
-294 -2000
293 -2000
-293 -2000
292 -2000
-292 -2000
291 -2000
-291 -2000
290 -2000
-290 -2000
289 -2000
-289 -2000
288 -2000
-288 -2000
287 -2000
-287 -2000
286 -2000
-286 -2000
285 -2000
-285 -2000
284 -2000
-284 -2000
283 -2000
-283 -2000
282 -2000
-282 -2000
281 -2000
-281 -2000
280 -2000
-280 -2000
279 -2000
-279 -2000
278 -2000
-278 -2000
277 -2000
-277 -2000
276 -2000
-276 -2000
275 -2000
-275 -2000
274 -2000
-274 -2000
273 -2000
-273 -2000
272 -2000
-272 -2000
271 -2000
-271 -2000
270 -2000
-270 -2000
269 -2000
-269 -2000
268 -2000
-268 -2000
267 -2000
-267 -2000
266 -2000
-266 -2000
265 -2000
-265 -2000
264 -2000
-264 -2000
263 -2000
-263 -2000
262 -2000
-262 -2000
261 -2000
-261 -2000
260 -2000
-260 -2000
259 -2000
-259 -2000
258 -2000
-258 -2000
257 -2000
-257 -2000
256 -2000
-256 -2000
255 -2000
-255 -2000
254 -2000
-254 -2000
253 -2000
-253 -2000
252 -2000
-252 -2000
251 -2000
-251 -2000
250 -2000
-250 -2000
249 -2000
-249 -2000
248 -2000
-248 -2000
247 -2000
-247 -2000
246 -2000
-246 -2000
245 -2000
-245 -2000
244 -2000
-244 -2000
243 -2000
-243 -2000
242 -2000
-242 -2000
241 -2000
-241 -2000
240 -2000
-240 -2000
239 -2000
-239 -2000
238 -2000
-238 -2000
237 -2000
-237 -2000
236 -2000
-236 -2000
235 -2000
-235 -2000
234 -2000
-234 -2000
233 -2000
-233 -2000
232 -2000
-232 -2000
231 -2000
-231 -2000
230 -2000
-230 -2000
229 -2000
-229 -2000
228 -2000
-228 -2000
227 -2000
-227 -2000
226 -2000
-226 -2000
225 -2000
-225 -2000
224 -2000
-224 -2000
223 -2000
-223 -2000
222 -2000
-222 -2000
221 -2000
-221 -2000
220 -2000
-220 -2000
219 -2000
-219 -2000
218 -2000
-218 -2000
217 -2000
-217 -2000
216 -2000
-216 -2000
215 -2000
-215 -2000
214 -2000
-214 -2000
213 -2000
-213 -2000
212 -2000
-212 -2000
211 -2000
-211 -2000
210 -2000
-210 -2000
209 -2000
-209 -2000
208 -2000
-208 -2000
207 -2000
-207 -2000
206 -2000
-206 -2000
205 -2000
-205 -2000
204 -2000
-204 -2000
203 -2000
-203 -2000
202 -2000
-202 -2000
201 -2000
-201 -2000
200 -2000
-200 -2000
199 -2000
-199 -2000
198 -2000
-198 -2000
197 -2000
-197 -2000
196 -2000
-196 -2000
195 -2000
-195 -2000
194 -2000
-194 -2000
193 -2000
-193 -2000
192 -2000
-192 -2000
191 -2000
-191 -2000
190 -2000
-190 -2000
189 -2000
-189 -2000
188 -2000
-188 -2000
187 -2000
-187 -2000
186 -2000
-186 -2000
185 -2000
-185 -2000
184 -2000
-184 -2000
183 -2000
-183 -2000
182 -2000
-182 -2000
181 -2000
-181 -2000
180 -2000
-180 -2000
179 -2000
-179 -2000
178 -2000
-178 -2000
177 -2000
-177 -2000
176 -2000
-176 -2000
175 -2000
-175 -2000
174 -2000
-174 -2000
173 -2000
-173 -2000
172 -2000
-172 -2000
171 -2000
-171 -2000
170 -2000
-170 -2000
169 -2000
-169 -2000
168 -2000
-168 -2000
167 -2000
-167 -2000
166 -2000
-166 -2000
165 -2000
-165 -2000
164 -2000
-164 -2000
163 -2000
-163 -2000
162 -2000
-162 -2000
161 -2000
-161 -2000
160 -2000
-160 -2000
159 -2000
-159 -2000
158 -2000
-158 -2000
157 -2000
-157 -2000
156 -2000
-156 -2000
155 -2000
-155 -2000
154 -2000
-154 -2000
153 -2000
-153 -2000
152 -2000
-152 -2000
151 -2000
-151 -2000
150 -2000
-150 -2000
149 -2000
-149 -2000
148 -2000
-148 -2000
147 -2000
-147 -2000
146 -2000
-146 -2000
145 -2000
-145 -2000
144 -2000
-144 -2000
143 -2000
-143 -2000
142 -2000
-142 -2000
141 -2000
-141 -2000
140 -2000
-140 -2000
139 -2000
-139 -2000
138 -2000
-138 -2000
137 -2000
-137 -2000
136 -2000
-136 -2000
135 -2000
-135 -2000
134 -2000
-134 -2000
133 -2000
-133 -2000
132 -2000
-132 -2000
131 -2000
-131 -2000
130 -2000
-130 -2000
129 -2000
-129 -2000
128 -2000
-128 -2000
127 -2000
-127 -2000
126 -2000
-126 -2000
125 -2000
-125 -2000
124 -2000
-124 -2000
123 -2000
-123 -2000
122 -2000
-122 -2000
121 -2000
-121 -2000
120 -2000
-120 -2000
119 -2000
-119 -2000
118 -2000
-118 -2000
117 -2000
-117 -2000
116 -2000
-116 -2000
115 -2000
-115 -2000
114 -2000
-114 -2000
113 -2000
-113 -2000
112 -2000
-112 -2000
111 -2000
-111 -2000
110 -2000
-110 -2000
109 -2000
-109 -2000
108 -2000
-108 -2000
107 -2000
-107 -2000
106 -2000
-106 -2000
105 -2000
-105 -2000
104 -2000
-104 -2000
103 -2000
-103 -2000
102 -2000
-102 -2000
101 -2000
-101 -2000
100 -2000
-100 -2000
99 -2000
-99 -2000
98 -2000
-98 -2000
97 -2000
-97 -2000
96 -2000
-96 -2000
95 -2000
-95 -2000
94 -2000
-94 -2000
93 -2000
-93 -2000
92 -2000
-92 -2000
91 -2000
-91 -2000
90 -2000
-90 -2000
89 -2000
-89 -2000
88 -2000
-88 -2000
87 -2000
-87 -2000
86 -2000
-86 -2000
85 -2000
-85 -2000
84 -2000
-84 -2000
83 -2000
-83 -2000
82 -2000
-82 -2000
81 -2000
-81 -2000
80 -2000
-80 -2000
79 -2000
-79 -2000
78 -2000
-78 -2000
77 -2000
-77 -2000
76 -2000
-76 -2000
75 -2000
-75 -2000
74 -2000
-74 -2000
73 -2000
-73 -2000
72 -2000
-72 -2000
71 -2000
-71 -2000
70 -2000
-70 -2000
69 -2000
-69 -2000
68 -2000
-68 -2000
67 -2000
-67 -2000
66 -2000
-66 -2000
65 -2000
-65 -2000
64 -2000
-64 -2000
63 -2000
-63 -2000
62 -2000
-62 -2000
61 -2000
-61 -2000
60 -2000
-60 -2000
59 -2000
-59 -2000
58 -2000
-58 -2000
57 -2000
-57 -2000
56 -2000
-56 -2000
55 -2000
-55 -2000
54 -2000
-54 -2000
53 -2000
-53 -2000
52 -2000
-52 -2000
51 -2000
-51 -2000
50 -2000
-50 -2000
49 -2000
-49 -2000
48 -2000
-48 -2000
47 -2000
-47 -2000
46 -2000
-46 -2000
45 -2000
-45 -2000
44 -2000
-44 -2000
43 -2000
-43 -2000
42 -2000
-42 -2000
41 -2000
-41 -2000
40 -2000
-40 -2000
39 -2000
-39 -2000
38 -2000
-38 -2000
37 -2000
-37 -2000
36 -2000
-36 -2000
35 -2000
-35 -2000
34 -2000
-34 -2000
33 -2000
-33 -2000
32 -2000
-32 -2000
31 -2000
-31 -2000
30 -2000
-30 -2000
29 -2000
-29 -2000
28 -2000
-28 -2000
27 -2000
-27 -2000
26 -2000
-26 -2000
25 -2000
-25 -2000
24 -2000
-24 -2000
23 -2000
-23 -2000
22 -2000
-22 -2000
21 -2000
-21 -2000
20 -2000
-20 -2000
19 -2000
-19 -2000
18 -2000
-18 -2000
17 -2000
-17 -2000
16 -2000
-16 -2000
15 -2000
-15 -2000
14 -2000
-14 -2000
13 -2000
-13 -2000
12 -2000
-12 -2000
11 -2000
-11 -2000
10 -2000
-10 -2000
9 -2000
-9 -2000
8 -2000
-8 -2000
7 -2000
-7 -2000
6 -2000
-6 -2000
5 -2000
-5 -2000
4 -2000
-4 -2000
3 -2000
-3 -2000
2 -2000
-2 -2000
1 -2000
-1 -2000
-3647 -1054
-151 4095
5814 -1550
4550 8152
-7750 5478
-385 -951
5875 3154
-4839 5489
8936 -1822
3367 6676
8556 9562
-1908 8953
7162 -3263
-6125 -9303
-2948 4045
7971 4717
-5691 9899
-9481 4310
4772 -2518
5648 628
-6322 8306
4735 -9421
-3593 296
-1375 3466
8071 -5102
333 -1354
-1631 5109
4103 5965
5415 7828
-1824 -175
-3719 -4212
5555 -3824
-4936 234
3560 -6011
-6429 -241
-2864 5712
6422 -3653
-6542 873
9711 -7217
-4532 268
-6160 966
3085 -522
-6725 -9448
-5814 -8059
6503 -9919
4227 -7555
-5969 -3799
-4989 1128
-5373 5861
3451 -4142
-837 2505
9782 8192
-3441 -4306
4210 -7207
5200 6963
268 4182
6753 -5511
-3695 8439
5018 7313
-2110 471
-6564 -5810
-7997 -4885
3233 -9814
1647 -4066
-6619 5199
-3443 -8636
8772 4222
-9119 -2885
134 4961
-5383 -5286
-3686 374
-1906 6524
1940 7558
-1677 -693
7785 4881
1532 8994
-9326 202
-5258 -9712
-291 1447
1772 -1455
9806 -5979
5114 1713
-4812 7258
-8102 -6006
3940 1579
6914 -6139
-7829 2681
4748 -4216
-5384 4327
-2440 629
-5543 1774
6669 6720
-8487 396
7602 735
-7182 1638
-8463 1503
-2434 -4749
2869 -5395
-6871 744
-7533 8855
-9315 1674
-9194 7805
-3210 760
8941 4437
-4522 764
-6000 4256
-364 6585
3193 9469
-1395 -2044
-1623 636
-6053 5514
-9717 -4541
-7630 2196
-5588 -5992
9941 -8821
1705 6487
-8281 2532
-2739 -5338
5816 869
4383 -9213
4452 8803
-136 3053
4366 3800
891 67
-2177 6915
6679 -8478
140 3412
-7821 -990
6923 -7438
5856 -2864
6421 -4622
-1854 -1471
6983 4211
-2796 -6649
-5753 584
-5160 -7968
1374 1152
-3727 -7527
4298 -6980
6420 -5023
-3074 7455
4718 -1780
4499 6066
-9564 6800
-8555 -598
5319 -3213
-4541 -1202
4579 -9746
8465 2875
1305 1633
-5586 753
-2812 -6020
-8847 2617
-3615 -5656
7922 -7182
-8097 -9127
7408 -6706
2962 -4386
2284 2082
-4474 295
6947 6080
4558 7379
9309 1913
2291 401
-9565 2549
4695 -6564
-8585 6833
7059 5819
3784 -8599
5465 -6519
1039 9942
7901 9027
9528 1072
6007 -229
-7551 -6705
8451 6737
8048 879
-6896 -1232
2516 9821
4486 4179
7872 4563
8299 -9958
-9935 1317
-9406 -6434
73 -247
-3845 7585
2118 3935
6254 1464
575 5443
-6509 -7751
3542 -4782
105 6163
-6575 7819
7680 -9770
-7528 -5494
-91 6244
8753 -5129
3871 9744
-2627 148
917 2856
4993 3205
-681 5295
763 6783
243 -57
-6270 -9615
-9453 7510
2392 3078
-7580 -3601
-2737 -1522
4780 -5227
-9712 1452
-4751 -7729
8654 -6454
-6458 -1066
-2459 6244
-8128 -5901
311 6398
-9103 -106
8495 -9678
8337 2649
6802 -5144
9209 -9127
-3515 -7335
-8796 -5544
6625 8287
-8626 2506
-917 6752
9577 2673
-2418 9459
2884 9842
-8181 5499
4217 5686
9580 5182
-3088 -6748
1340 4644
-5564 -7267
-2088 4414
6496 -560
-2808 6611
400 -452
-4699 2036
4280 2448
-618 2145
2094 3091
-7086 6859
-363 2701
-8279 4072
8923 -2113
6729 -4970
-9360 8667
9677 8185
7902 9974
-8794 3563
8630 -8248
-4340 -5895
-5138 -6651
8475 4772
-6051 -3938
-9105 -582
-1982 3144
-5613 -7341
4143 -2284
9968 6312
9247 3633
-3968 -9357
9086 1848
-7991 -3761
8086 9052
-9020 5899
-5708 6979
-8134 -1715
7643 -5858
6689 -2667
-5145 -1222
-3767 1260
-9308 8055
8894 -648
-4317 2496
-747 6467
-8257 -9986
8782 -3228
2525 826
47 5774
1635 8953
2446 6765
-9061 2894
-700 5820
7659 -6199
-8101 -3184
-3154 -4156
-7793 2062
-5915 9759
-8047 -1147
6471 -1834
426 9837
5449 -9484
-3038 4423
3946 8089
5187 9176
-8897 -5646
-9177 7719
881 7882
5185 1363
-1584 6205
-7171 5520
7433 -8919
-1072 1515
1608 2188
2332 -4712
-2297 7164
9434 -233
7424 -3981
6213 567
-7679 -4275
-7896 3028
6035 6647
-9635 -179
-5401 -4648
-4989 6272
7330 -7016
6692 -4422
-690 -1313
-4701 -2365
-6878 133
381 1273
4419 2762
-5284 2347
-9838 8524
-7715 4146
5571 -9321
7492 -1597
-3303 -8386
1664 3074
-1073 5945
-9043 2579
1944 1847
7229 -1591
1596 -555
-9733 -4959
7128 -507
-1890 8167
1064 946
4174 -631
8515 5546
-1431 -2588
4434 3103
1687 9100
-3967 6488
9595 -6115
5945 5296
-4007 -7787
7966 7723
1023 6404
7779 5451
-8503 6402
-2208 8717
4997 6288
-7800 -9535
-7895 -7137
1567 9464
-6645 2557
-6865 -1846
3825 -5797
-1915 4751
-9880 1737
-5973 3822
7669 -3721
-3466 7710
-9722 -4523
-306 6650
9114 -4639
-5185 5730
5408 930
2174 8488
-2613 5179
5217 -2286
7154 4738
2348 4406
9318 -1039
-8334 4595
2171 6756
1405 3867
-6361 2208
9242 -4953
7651 -3935
-3391 572
-6388 -3581
8381 -1474
3220 722
802 -2315
-6783 -7665
4684 6804
4308 -8183
7849 2433
-9852 -8199
8533 -4029
-5810 5364
-2340 -2060
4576 8132
-2448 -2154
9927 9125
-4326 -859
-2570 9411
-2980 7475
3603 2235
-3963 5194
-5545 1361
8293 -3525
5943 -6486
7908 1966
2138 9762
7229 -9880
3463 -320
-9946 2240
-8157 6671
8957 6035
-6072 3249
6217 -7320
-8973 -210
7189 -3747
-7462 -8736
5875 -8551
-5634 9547
-1552 -2007
-2579 -4122
8777 5110
-9710 -9427
-8284 -1857
7553 -8334
-4300 -6348
7111 -5815
-5676 8896
6050 -4375
1252 8862
4694 2521
235 1112
-3558 4193
-5593 8957
396 9261
7159 2981
-6214 -5040
-1065 7514
-6387 823
2187 3675
9955 -2417
-6761 -8083
9014 -7059
4124 5977
5839 -7100
-4735 7009
6244 6470
-1813 358
-1820 6306
-5818 5170
-5709 -7694
9129 -2492
-8535 -9
7234 -4931
4430 1335
5458 -1535
-8584 -3316
8765 4855
9846 -7037
-504 2980
-1869 5543
-4796 -8800
-8002 -155
-635 4880
-9803 -3817
-1923 8146
-3722 6949
4227 -8477
7537 2291
7372 -9588
5054 -6333
6859 -7655
-3246 -82
5732 4653
-4768 -2636
-9062 2843
72 2048
-4630 -4298
-4479 -1585
4681 9299
7948 -9522
556 535
-2843 -1761
-9495 840
-3826 9740
