157 2112 -3696
17 5853
5629 -6810
631 233
8947 2286
-2597 3268
9838 -4762
1691 -7820
-5649 -7303
-2317 4892
8713 7112
-191 -6446
9328 9949
5721 4287
-447 -1349
-9655 4187
-5359 -4645
3045 -9256
-6644 1135
-5606 6272
5425 -4158
-4442 6441
4962 6931
-3420 -4610
650 5807
5219 -2650
9750 137
-2179 -5928
-9435 8285
327 7939
5657 4292
-2082 -6871
7655 -3666
-6447 -3668
3267 4252
440 -2990
5708 -5815
-8945 8554
-7561 8664
1827 6056
3360 -3321
-1238 4539
-7536 -1608
3438 9477
-6781 -2943
2605 6862
1115 4561
8065 -9536
2318 956
-9610 -5925
7051 -4013
-4487 -9252
-4581 934
-9341 9960
8350 -1748
4060 -290
-7542 -2230
-5495 -6623
-2108 -545
-5023 3166
-412 2924
-2199 5859
-8093 -6396
9598 -3725
1780 -6800
7815 -9514
-8570 -5193
6165 6766
-6209 5832
-7200 -3914
4135 7752
-6326 1911
4751 -7886
-8476 1799
-3084 -8175
6638 -6102
5960 -5115
6178 -3419
-8770 -3293
806 1943
8084 2193
9722 -2385
-31 5235
872 -6085
7439 8158
-1373 -672
-7327 7920
-9702 735
-7290 2095
8867 6696
-3807 -5537
-7018 -8731
-9738 -8377
7591 -1617
-337 -8017
-3392 -5483
-111 6357
9253 -3666
5466 9224
-8578 418
2126 -9358
-6210 -726
152 -2428
-3342 2490
7553 -2212
1532 -4739
-7092 -673
-3994 5874
7194 6724
-1059 -7415
4105 -3170
786 9338
-8293 3101
-272 -9278
-2516 -1500
7890 4739
3490 2260
-9797 2536
-6808 2159
-9383 6337
9086 7868
-2970 -8022
-7942 6957
6426 2481
-1063 1478
-7840 -3602
-5037 -3946
-4020 -1925
7178 5984
4331 -710
-1370 2149
5291 8266
4695 -426
7328 2569
-5165 6791
-7889 -6405
2293 -190
9168 -1870
6699 -8778
-9907 -4415
-3168 3097
6509 -9528
-9359 9327
-3133 6035
-6806 -2020
2147 6924
-5982 -5042
3597 5197
-5537 -250
-80 -4748
3550 -8730
-815 5798
-6908 -212
7783 -5157
-8250 -6523
-8756 -7552
8422 7144
9882 7537
