95 58 -91
-21 -95
-90 -98
29 49
7 -88
91 19
13 -32
-18 64
92 73
22 -86
-3 31
-85 -14
-15 45
35 37
84 -54
95 -60
-81 -70
-21 9
89 96
-88 97
47 70
48 -33
-8 -53
39 9
-100 23
14 77
-67 55
18 -91
100 -19
94 -17
-2 75
67 -26
77 -82
-1 43
78 88
-58 -65
-17 -89
15 -10
34 -35
61 -84
44 23
20 47
13 -79
-89 98
-9 37
-44 -35
-20 -5
-41 -13
58 -85
-44 19
-12 17
36 -72
93 60
14 1
87 87
88 -13
-80 -25
-61 -50
73 -26
55 83
-67 4
-61 -27
-19 71
-75 -59
89 -52
90 -34
-32 36
86 27
-11 61
-80 25
-94 91
86 45
97 -15
21 52
59 35
-27 35
81 28
51 57
-89 24
80 -18
-47 79
42 -34
12 1
29 -53
-6 -87
79 57
32 72
-39 86
-58 -80
-43 -41
-53 -23
-52 63
64 61
-93 -19
-12 -4
-76 -82
