1586 250 -2500
-5235 1387
566 1998
2034 2122
-87 -2500
189 -2500
1536 -3301
-88 -2500
340 -2500
1765 680
-7173 6981
-1212 -1974
226 -2500
-233 -2500
-238 -2500
4872 -495
-5668 -5185
326 -2500
-106 4279
2950 4833
211 -2500
5429 -1104
-2724 9630
258 -2500
83 -2500
-7958 -1392
-44 -2500
-176 -2500
-9479 -6697
-6311 -9231
-153 -2500
3717 -813
7094 -8279
-2543 1133
298 -2500
3321 8770
185 -2500
8603 7737
9952 7368
7499 4889
132 -2500
-3401 7100
4365 -8385
6601 9218
-7250 2244
6050 -4924
7266 1743
-1647 7728
807 7789
212 -2500
7903 8574
-127 -2500
332 -2500
7213 -7626
-1001 -3502
7223 -7834
-8857 1683
3228 7991
-9480 5091
1404 4032
-8236 2878
-3009 9756
-268 -2500
3959 3436
86 -2500
-245 -2500
-9129 3954
-5200 -4161
5481 4311
219 -2500
170 -2500
8736 -1663
2245 4452
-108 -2500
2067 -2716
9768 -5977
3116 -2602
-211 -1584
26 -2500
118 -2500
2768 -1865
-143 -2500
-2027 3462
-6853 8335
-732 6651
-290 -2500
-139 -1954
-1514 3348
-6355 -2797
-4685 1208
-9860 4798
-1999 -6496
-3409 -5814
-190 -2500
2704 -1307
7785 5214
-226 -2500
-270 -2500
-6111 -2306
3344 -3843
-113 -2500
-5738 -5870
-136 -2500
92 -2500
165 -2500
-8578 7048
-132 -2500
5537 -4029
-50 -2500
-6663 -837
141 -2500
-165 -2500
4583 -8893
1216 6789
4198 3444
798 6586
-5723 -6609
390 -2500
236 -2500
243 -2500
7900 -7752
-29 1535
6545 -120
-2680 2514
4824 7315
-465 -1601
1899 529
2945 8123
-1572 1773
9669 -7580
-5480 -3314
-9216 -6060
-9247 7545
-8809 -2623
3321 1697
-6722 -2939
4707 3527
-9987 7159
123 -2500
53 -2500
7984 -9598
-346 -2500
8037 -8766
-8604 -5406
8676 -9308
4476 9464
-151 -2500
-204 -2500
-4251 -111
2304 3685
-233 5829
233 -2500
-9381 4575
174 -2500
-2040 4107
247 -2500
-60 -2500
-9593 241
-32 -2500
-1528 -1103
-9793 2774
372 -2500
9140 577
3588 8383
-8739 7188
145 -2500
1116 5940
-93 -2500
9235 -2732
-8120 9992
5859 7578
-7541 4101
-2121 2060
308 -2500
-6622 -372
344 -2500
-105 -2500
348 -2500
-1 -2500
-5819 -9156
8972 -3679
-4684 -5747
159 -2500
2001 -6504
-79 -2500
98 -2500
352 -2500
-98 -2500
7109 -5145
284 -2500
-4083 -1768
-66 -2500
-9286 -578
9378 9150
1283 7147
-3906 -5571
1663 9899
378 -2500
9730 -3330
-2453 -6675
-4527 1349
-2464 -5405
-5145 -2719
-7528 -3653
710 1460
-260 -2500
336 -2500
-611 4772
-8229 7906
-9580 -6106
-5688 4131
-348 -2500
-7165 7851
222 -2500
-152 -2500
6727 5831
4723 -9223
-8962 -1014
105 -2500
5441 9604
99 -2500
-235 689
8627 -5699
9341 405
-5333 -1338
-3318 -1129
7980 -8855
4354 -1541
152 -2500
5842 2812
7310 6058
-206 -2500
-5236 -8687
3298 5004
-1442 -1927
-211 -2500
30 -2500
9017 3145
-6383 9208
84 -2500
5 2146
-81 -2500
8677 -5768
-174 -2500
2236 5994
186 -2500
318 -2500
-121 -2500
6789 1125
7425 -2677
-4473 -8292
1871 3070
138 -2500
-6202 -3682
16 -2500
107 -2500
-5903 4906
5009 -3206
-2601 -8335
-352 -2500
-4316 4168
160 -2500
102 -2500
9218 7593
5100 -8908
6107 -5460
-2236 -4422
4716 5718
-4761 -9823
248 -2500
-8397 1758
-5791 -6511
9989 -1221
-18 -2500
4583 8373
-388 -2500
-179 -2500
2620 -308
-320 -2500
9283 -2936
491 -98
-195 -2500
202 -2500
392 -2500
46 -2500
-6802 -4865
232 -2500
-273 1100
-20 -2500
-6985 -4836
5710 5799
118 -345
4743 4732
8534 8895
-217 -2500
157 -2500
156 -2500
8908 -9432
3238 -1671
72 -2500
-5249 -3782
-244 -2500
957 4764
4650 -2541
-14 -2500
163 -2500
-5642 9810
-173 -2500
9964 -318
330 -2500
4205 -3734
2606 -3556
-139 -2500
4107 2117
-5435 -4574
9267 8758
139 -2500
-780 6753
3324 -4390
225 -2500
5464 -7193
-242 -2500
2955 -4418
-7287 2668
-4608 -552
-338 -2500
260 -2500
8668 -3025
7022 8498
-124 -2500
-86 -2500
-9219 2193
-5605 7786
-5013 -2379
-138 -2500
175 -2500
96 -2500
-240 -2500
3170 -2800
3941 -4725
320 -2500
-177 -2500
3328 9376
462 7902
-103 -2500
-62 -2500
276 -2500
-7606 3350
-6150 -3350
2081 -3356
3381 -1700
73 -2500
-4222 -8393
6499 122
-36 -2500
6678 -7818
-1103 -2842
3083 4297
362 -2500
-3442 895
2286 -6218
-5461 -7283
-160 -2500
8484 -9133
60 -2500
128 -2500
7818 -1542
-3442 2851
-170 -2500
-8111 -1697
-154 -2500
-7397 -9450
-284 -2500
-7254 5139
180 -2500
10 -2500
-2919 -1214
-5251 9338
69 -2500
4 -2500
5193 -3672
-7647 8407
-7083 3369
6278 -5164
7926 3741
-5561 3564
178 -2500
4717 -8102
-5877 1493
4278 -9617
-82 -2500
-350 -2500
6965 5381
-7356 -2463
-7723 -2367
-2856 -2454
-316 -2500
-1777 8315
-342 -2500
297 3322
-6496 3053
-8782 2947
-137 -2500
262 -2500
2150 -1312
52 -2500
-2793 -8744
-5352 492
4446 -1670
8529 -1500
-191 -2500
85 -2500
6383 9918
-7869 -9566
-3959 -8583
-2964 6904
-6476 -6082
-4491 -4079
-144 -2500
200 -2500
561 9794
4503 -1472
-106 -2500
5361 2180
143 -2500
198 -2500
6913 -5387
8168 -2975
-8944 5014
-6540 -5746
6973 1918
404 -151
-3289 -3766
57 3773
-735 4911
5957 7608
-3368 -9871
95 -2500
9538 -3553
-7861 7027
-3659 -8643
-8483 -6202
6143 7363
3970 4996
-5651 -4677
-8097 -8864
1386 3059
-4604 7282
386 -2500
-202 -2500
-2001 -6504
-4138 7861
3258 9487
5763 -8674
-5056 5946
-6501 6052
6035 1950
8067 -2954
-58 -2500
9886 -6637
-781 -2680
-5131 9423
-288 -2500
2344 190
-4783 -6093
-784 2163
56 -2500
129 -2500
-2072 3337
220 -2500
6520 6336
9422 -8088
5577 9703
-7564 7756
4609 -3627
-9861 8900
-234 -2500
-4836 -4253
169 -2500
3103 8036
1305 6908
-2763 2267
-1909 7036
8 -2500
-679 1777
7445 4380
-3217 2775
-61 -2500
5732 8282
-6262 -3453
-8721 9482
-250 -2500
133 -2500
-77 -2500
-376 -2500
-8218 6953
-5823 6731
-30 -2500
7665 6244
9929 -9019
364 -2500
-8764 4001
-225 -2500
144 -2500
9509 -6829
-360 -2500
134 -2500
28 -2500
5738 -3644
-24 -1960
8571 -9323
-236 -2500
268 -2500
-1960 -676
207 -2500
-9670 6531
-9158 3624
111 -2500
376 -2500
2146 -4159
294 4114
217 -2500
9926 -3715
6354 3064
-9661 -1564
254 -2500
74 -2500
6521 1283
28 8000
-8682 -106
1022 7373
-168 -2500
324 -2500
-358 -2500
-5954 4357
-1060 6187
-9790 1307
14 -2500
250 -2500
-1858 6793
2347 3325
-390 -2500
190 -2500
-5436 -2517
-62 2110
-5820 -8081
5057 9177
-247 -2500
-334 -2500
-101 -2500
-248 -2500
-8847 8883
-1294 7606
-1516 4251
-9649 -1680
-7770 -3910
996 -2159
42 -2500
38 -2500
-112 -2500
-72 -2500
-2847 1700
2103 -5315
368 -2500
4048 7441
388 -2500
54 -2500
5664 -2113
1958 2001
7878 5146
184 -2500
-17 5151
-147 -2500
354 -2500
5158 -3451
-254 -2500
-3202 7222
4017 5435
-3369 8673
4272 326
-119 3997
-1925 9136
150 -2500
-123 -2500
-5251 -9266
3810 -2464
-3293 9994
-4498 -3444
4312 -2741
-3816 -4591
-5309 287
104 -2500
9546 -9
-1561 -1678
-120 -2500
7438 -1052
-364 -2500
6528 4977
137 -2500
-9710 6374
-107 -2500
146 -2500
-294 -2500
-7594 3631
-2742 -6254
8893 -9020
1199 4829
-258 -2500
-2541 -3876
360 -2500
-3361 -7268
-126 -2500
213 -2500
-1441 9922
-5347 3571
-8317 6634
5765 -1090
-119 -2500
6451 -1649
-4974 -4511
2526 -2404
-8958 -6160
-2809 6461
9693 7786
-366 -2500
280 -2500
48 -2500
-3008 -4694
2908 6352
-12 -2500
-128 -2500
235 -2500
176 -2500
64 -2500
5474 335
-5071 -5955
9930 -4150
-6155 -755
-97 -2500
-5951 -121
1586 -4787
1462 6548
-3106 -714
350 -2500
-8834 -7737
5201 7139
-6267 9874
58 -2500
-6541 9524
-8451 -4080
-1322 7310
-16 -2500
-9202 -4715
117 -2500
-4692 3460
67 -2500
-6050 -4072
-306 -2500
-181 -2500
-218 -2500
-4020 -236
4504 7652
-5283 1816
9665 8504
-8076 2229
6511 7104
252 -2500
-1359 628
3367 4868
4717 3797
8258 -9546
7587 3540
2351 -6738
109 -2500
-26 -2500
-6981 5597
-6628 -1653
34 -2500
-91 -2500
-372 -2500
-362 -2500
173 -2500
-2777 -9717
1927 -4457
-192 -2500
4367 -4070
57 4325
-221 -2500
6988 -5814
205 -2500
-7719 4671
-89 -2500
3287 -985
61 -2500
3546 1220
154 -2500
9062 5741
-9729 -1920
-7316 7611
-193 -2500
1192 -2124
216 -2500
221 -2500
7508 -7097
206 -2500
-5424 1108
4830 -4696
-130 -2500
-354 -2500
-24 -2500
-4849 -556
-324 -2500
-2215 2262
4664 1620
-142 -2500
-52 -2500
342 -2500
6855 -8074
2886 2415
4522 3076
8662 5564
-298 -2500
817 -2801
44 -2500
120 -2500
-380 -2500
3728 1953
-9046 2222
7318 -9217
9277 -3555
-6852 5307
1723 -398
3176 -6450
-3398 -3303
231 -2500
6120 -4468
3938 1012
877 2831
8372 -844
-3954 6315
-8153 6591
-241 -2500
-9330 -8643
-3092 9442
1231 720
80 -2500
242 -2500
1624 -4698
2285 3075
-8441 -8373
224 -2500
4077 622
5606 366
-4975 -6250
-4113 -3901
90 -2500
-3389 -1854
278 -2500
-262 -2500
-1920 5717
-131 -2500
-1633 6681
1812 7282
-8278 -4964
4260 -7603
-2280 7479
-9295 7862
1297 5406
65 -2500
-3397 -7501
-396 -2500
-237 -2500
9882 -3304
-427 6854
358 -2500
171 -2500
-4558 1362
-1996 -2063
-7029 7155
89 -2500
6656 -4312
2813 -808
6811 -5630
-8789 2773
4285 -646
366 -2500
6639 3287
-5130 5670
8218 1402
-189 -2500
-80 -2500
-3654 -772
-9927 -2910
-3670 7724
-8975 3193
-5855 -8919
-6691 -2791
199 -2500
382 -2500
573 5345
5458 2499
264 -2500
-9282 9017
-184 -2500
6922 -5264
-4123 1166
-187 -2500
-239 -2500
3592 -2882
-229 -2500
-157 -2500
9159 6772
1633 -4018
7083 -9293
5861 898
-7701 297
5431 -4788
-1604 3083
237 -2500
256 -2500
-7158 4032
8550 3024
7156 -6049
-2872 6270
161 -2500
57 -2500
-7208 3305
3453 -8099
-787 7428
346 -2500
5875 -6816
209 -2500
-163 -2500
-210 -2500
5694 -3133
20 -2500
112 -2500
7243 -4014
5785 9054
147 -2500
3682 8765
191 -2500
2125 9819
314 -2500
316 -2500
78 -2500
-55 -2500
-5418 6449
188 -2500
-3685 -3080
9179 1136
-201 -2500
6224 -2585
-314 -2500
-2583 5304
294 6916
-67 -2500
-336 -2500
-172 -2500
-2121 -6354
7450 6681
3078 -8934
-134 -2500
270 -2500
100 -2500
-5134 -3539
-1297 9283
-328 -2500
-4794 8593
-9943 327
8535 3423
5623 6568
-203 -2500
2 -2500
4408 6047
328 -2500
6887 -8194
-115 -2500
2307 5977
-7981 6072
130 -2500
66 -2371
-8584 1347
7920 6988
-9813 -3106
-308 -2500
9101 9777
-384 -2500
8104 3420
-64 -2500
-292 -2500
-7727 -6297
5833 -5747
7210 7037
-42 -2500
-1330 8034
2750 9257
7716 -2453
-46 -2500
479 -1707
-8749 124
435 9783
1200 888
244 -2500
214 -2500
-8496 7894
3132 2111
-5831 4357
8684 -3958
70 -2500
36 -2500
6298 8780
-4908 7778
-6667 7863
-197 -2500
-40 -2500
-8417 3534
8847 5027
-3661 9305
-8197 4803
-209 -2500
6831 -732
2632 -783
-150 -2500
5914 -725
4226 -6945
-2849 -9384
-310 -2500
-1295 2757
153 -2500
-3021 -6310
-117 -2500
-166 -2500
-63 -2500
-2839 2186
5066 9878
9837 -8720
88 -2500
-8980 3591
1308 3457
5722 9597
4472 8087
-2380 9327
6927 1556
162 -2500
-8877 -7766
-140 -2500
-429 5591
-3533 9399
-2873 -7258
-713 -1108
-74 -2500
-296 -2500
8447 -1359
8364 3466
-7801 7073
-109 -2500
-5915 4813
-8348 -4353
-7277 -1872
-230 -2500
-5328 -5414
-8981 -6779
-6384 -4454
-185 -2500
-7992 1124
8931 -5851
-178 -2500
-7543 -64
5359 6683
40 -2500
-2403 -5581
6029 -4267
108 -2500
-207 -2500
-212 -2500
-394 -2500
-6749 5213
6714 7825
9205 9996
-6989 -4396
5235 1397
-71 -2500
-1591 9166
-1916 2064
6742 8487
7340 -4852
-223 -2500
-4289 -2937
-382 -2500
370 -2500
5313 2082
8390 2339
-276 -2500
-4669 7192
77 -2500
1150 112
9967 -5485
4794 -5296
8043 8553
-356 -2500
-365 -1322
8548 -5562
-148 -2500
122 -2500
3370 -7632
-4317 6790
-5442 -8436
187 -2500
125 -2500
208 -2500
192 -2500
-9325 1358
-188 -2500
-5763 1437
62 -2500
-4203 3264
-280 -2500
-3568 -1029
4591 -6918
-724 -77
9876 -177
-3680 7219
76 -2500
-38 -2500
334 -2500
-326 -2500
3071 -4430
7080 8322
-227 -2500
-114 -2500
-6232 8363
186 6975
1720 6353
7965 -2378
-7266 -8066
-186 -2500
4220 -9943
-94 -2500
4527 -6136
-267 -2102
-304 -2500
-57 -2500
-305 3608
-236 4189
4860 -617
356 -2500
-4121 -7976
-28 -2500
-2922 3716
9784 -3214
-7191 -971
9140 -2946
-198 -2500
9435 3064
-322 -2500
-9088 -3410
6580 -5657
-4907 5102
203 -2500
5763 -3538
166 -2500
1897 1597
-8526 2565
114 -2500
3678 9360
-56 -2500
5676 -7067
-2583 2504
5768 -3610
179 -2500
5245 -9998
288 -2500
9259 -4523
-6936 -9656
9968 -7517
-9130 4649
-135 -2500
6311 -64
-3593 2618
-182 -2500
-286 -2500
-116 -2500
2290 -4241
182 -2500
-1714 9321
266 -2500
-90 -2500
-2779 -6103
-3813 1436
1188 1901
-216 -2500
-1192 4500
2119 1078
9414 -3160
5769 -2317
-85 -2500
227 -2500
2687 -2455
96 6282
4171 -4571
-300 -2500
-205 -2500
-370 -2500
9325 -9341
6445 -4156
-220 -2500
2054 2027
1131 2507
292 -2500
119 -2500
2245 -21
-3562 7091
1991 -5170
-5259 5433
136 -2500
-6658 -9427
6613 3619
7587 4806
249 -2500
1 -2500
2028 379
-171 -2500
396 2723
230 -2500
4503 -6865
-9891 5728
2543 -7501
149 -2500
158 -2500
-4744 7338
240 -2500
68 -2500
3897 5251
172 -2500
1670 4168
302 -2500
2347 -7320
6946 7299
167 -2500
-2239 278
148 -2500
-6403 320
-3285 4278
-3894 -3575
-7610 8199
-368 -2500
181 -2500
7844 -4552
54 -760
-4332 -2503
-92 -2500
-256 -2500
-272 -2500
-145 -2500
4284 3040
-6404 -7038
3504 -4536
87 -2500
6221 6269
-3746 -3181
-4349 -646
-1189 933
93 -2500
-125 -2500
-2720 -6458
85 5567
-194 -2500
294 -2500
-9493 -6439
-9727 6715
-6153 -3278
-3665 4192
-5364 -7216
-6653 1567
-70 -2500
2058 9101
-2828 -828
4394 -9315
-8919 5265
-3856 -3507
7131 -1874
8756 7630
4344 9199
7817 1535
-3415 4314
5538 -1606
218 -2500
103 -2500
-246 -2500
7956 1979
976 3993
-9489 -6177
-65 -2500
-200 -2500
-75 -2500
-8962 -3306
6496 4582
-6672 -7841
999 -3498
-169 -2500
-8930 -1353
2490 -6985
5814 -3248
-224 -2500
4105 -2570
6625 9344
-386 -2500
-8091 -3281
4472 -6673
-6507 1175
6008 5415
-9583 -3296
164 -2500
-352 -1256
-2519 2826
-4617 8241
-83 -2500
239 -2500
8710 -9462
-6554 -3902
66 -2500
7880 -1952
2838 9564
6863 2404
-4843 -6246
116 -2500
5572 -2232
-5883 5015
-183 -2500
-102 -2500
1999 -6496
215 -2500
-68 -2500
4691 -9868
-73 -2500
-5740 8731
-111 -2500
-312 -2500
292 8081
-21 9357
1822 -2549
2092 8387
-10 -2500
-1088 -684
-8504 1129
-278 -2500
-34 -2500
-4888 -2151
135 -2500
-1896 8126
9310 -5975
241 -2500
4204 11
1491 -3161
-7604 -5079
3593 -1949
-213 -2500
883 7805
-180 -2500
-3398 7693
-122 -2500
-4194 -5040
12 -2500
633 9305
-9314 5279
-4609 -5898
-8842 8812
1170 -2757
6 -2500
-69 -2500
-4771 -515
-22 -2500
-4718 -9621
4627 -2897
246 -2500
201 -2500
7534 -9881
-3177 5415
-378 -2500
7337 1053
2989 2890
8908 -2327
296 -2500
-252 -2500
-1504 2060
-264 -2500
3289 9687
-76 -2500
-129 -2500
-7021 -3698
-99 -2500
228 -2500
-2915 3941
-510 -1013
-465 4735
-5709 -7854
4328 6760
380 -2500
-235 -2500
-7502 -1158
7929 6367
-796 445
196 -2500
-330 -2500
6341 -8536
55 -2500
306 -2500
131 -2500
984 8545
-4066 1854
6297 6401
-84 -2500
2362 6450
-53 -2500
7652 591
194 -2500
-9243 -5105
338 -2500
-8332 2605
-392 -2500
7075 -7423
-266 -2500
-6752 -870
204 -2500
3803 -3238
155 -2500
210 -2500
-4148 7976
-4811 -5854
24 -2500
-374 -2500
-110 -2500
7913 8335
6430 6729
-156 -2500
8172 8968
1083 -2613
960 8549
113 -2500
177 -2500
4207 -3813
282 -2500
-9442 1325
7911 1287
2531 -861
731 -624
-215 -2500
-2369 -332
-9885 -1119
1302 6825
4137 -5064
-4883 -7211
127 -2500
-59 -2500
-228 -2500
-3948 2069
91 -2500
-8710 -9287
183 -2500
-1262 -1198
-3033 -7154
50 -2500
5206 1497
-249 -2500
8682 -7835
3056 -6308
5883 -3850
-3866 9862
75 -2500
-5528 2955
-7131 -9387
-6415 588
-9163 9658
-6860 -6531
-4766 -3708
-3145 763
-54 -2500
-3611 4605
5671 -7772
6657 -1141
7130 -1275
168 -2500
274 -2500
106 -2500
-2881 4894
-162 -2500
8402 492
322 -2500
32 -2500
1632 2703
-95 -2500
-8893 -800
-4203 -2227
-6 -2500
-274 -2500
9091 8659
223 -2500
-8576 -3108
3291 -3609
-999 -3498
7072 -128
1474 9286
9155 7277
-167 -2500
126 -2500
-9287 -3797
-231 -2500
-6522 9895
394 -2500
2902 -9395
272 -2500
-3671 -9838
2199 -945
124 -2500
-966 5754
312 -2500
-344 -2500
7923 8260
81 -2500
-975 6639
-9504 -7800
-9242 1608
121 -2500
5051 -6620
-7426 6604
-155 -2500
-164 -2500
-2 -2500
5855 2443
245 -2500
-437 2203
-196 -2500
-100 -2500
7906 -3967
286 -2500
1239 3058
-2992 6693
-302 -2500
6679 -8115
-5361 -262
97 -2500
4666 -3296
9751 5113
304 -2500
6212 -261
384 -2500
8768 5377
4414 1721
238 -2500
7794 -3337
-96 -2500
-2733 -4699
18 -2500
290 -2500
6231 3559
7521 -3360
59 -2500
4400 -6395
5602 -7170
-8614 -3467
-118 -2500
94 -2500
3194 8435
229 -2500
-219 -2500
990 -480
151 -2500
8713 7205
-4 -2500
-199 -2500
8478 3968
-104 -2500
-3162 -8938
-175 -2500
-8998 -7089
3419 -3519
-4600 8357
6612 -5576
197 -2500
4018 -8654
-2944 -6795
-2178 -3376
110 -2500
-214 -2500
3869 -2303
-4747 5331
272 7548
-8745 -4935
396 -2500
-146 -2500
440 37
8755 5492
-1774 6947
-6589 2094
-78 -2500
-3471 3103
-4121 -5700
2026 -5400
8004 -55
5481 2997
-340 -2500
193 -2500
3641 8985
9783 3692
140 -2500
1399 -3438
-5491 -2688
5348 5135
-8 -2500
4606 -4583
-2496 -380
3745 -2994
5593 4555
-9752 -9993
1190 -610
-3206 2928
-332 -2500
6138 7441
9659 -395
379 -579
8682 -5258
-3833 7712
22 -2500
-141 -2500
2650 1578
-8066 2643
-133 -2500
2571 -6353
8034 526
63 -2500
-6761 -3867
374 -2500
-243 -2500
1001 -3502
1626 6149
115 -2500
82 -2500
9181 -5251
4252 1511
-7319 -6234
1152 7069
-6492 7223
9238 -6071
-232 -2500
-7571 3178
3367 4420
-222 -2500
-6896 -6802
-9074 -9959
101 -2500
2677 9026
-2693 1064
71 -2500
-161 -2500
3556 6667
195 -2500
-149 -2500
-48 -2500
7737 9464
-5084 -6382
6356 -9614
142 -2500
3467 8676
234 -2500
8341 -4704
1288 5610
310 -2500
-318 -2500
79 -2500
2303 -480
-7478 -4665
-7187 6714
-6185 -8828
-159 -2500
7444 -6661
-7123 -7783
8420 -3216
-2930 1059
-9650 7410
-3679 -6545
300 -2500
-8165 -6753
-158 -2500
9349 -3844
-208 -2500
-282 -2500
