1208 784 -3200
0 -3119
28 -3128
-28 -3110
56 -3137
-56 -3101
84 -3146
-84 -3092
112 -3155
-112 -3083
140 -3164
-140 -3074
168 -3173
-168 -3065
196 -3182
-196 -3056
224 -3191
-224 -3047
252 -3200
-252 -3038
280 -3209
-280 -3029
308 -3218
-308 -3020
336 -3227
-336 -3011
364 -3236
-364 -3002
392 -3245
-392 -2993
420 -3254
-420 -2984
448 -3263
-448 -2975
476 -3272
-476 -2966
504 -3281
-504 -2957
532 -3290
-532 -2948
560 -3299
-560 -2939
588 -3308
-588 -2930
616 -3317
-616 -2921
644 -3326
-644 -2912
672 -3335
-672 -2903
700 -3344
-700 -2894
728 -3353
-728 -2885
756 -3362
-756 -2876
784 -3371
-784 -2867
812 -3380
-812 -2858
840 -3389
-840 -2849
868 -3398
-868 -2840
896 -3407
-896 -2831
924 -3416
-924 -2822
952 -3425
-952 -2813
980 -3434
-980 -2804
1008 -3443
-1008 -2795
1036 -3452
-1036 -2786
1064 -3461
-1064 -2777
1092 -3470
-1092 -2768
1120 -3479
-1120 -2759
1148 -3488
-1148 -2750
1176 -3497
-1176 -2741
1204 -3506
-1204 -2732
1232 -3515
-1232 -2723
1260 -3524
-1260 -2714
1288 -3533
-1288 -2705
1316 -3542
-1316 -2696
1344 -3551
-1344 -2687
1372 -3560
-1372 -2678
1400 -3569
-1400 -2669
1428 -3578
-1428 -2660
1456 -3587
-1456 -2651
1484 -3596
-1484 -2642
1512 -3605
-1512 -2633
1540 -3614
-1540 -2624
1568 -3623
-1568 -2615
1596 -3632
-1596 -2606
1624 -3641
-1624 -2597
1652 -3650
-1652 -2588
1680 -3659
-1680 -2579
1708 -3668
-1708 -2570
1736 -3677
-1736 -2561
1764 -3686
-1764 -2552
1792 -3695
-1792 -2543
1820 -3704
-1820 -2534
1848 -3713
-1848 -2525
1876 -3722
-1876 -2516
1904 -3731
-1904 -2507
1932 -3740
-1932 -2498
1960 -3749
-1960 -2489
1988 -3758
-1988 -2480
2016 -3767
-2016 -2471
2044 -3776
-2044 -2462
2072 -3785
-2072 -2453
2100 -3794
-2100 -2444
2128 -3803
-2128 -2435
2156 -3812
-2156 -2426
2184 -3821
-2184 -2417
2212 -3830
-2212 -2408
2240 -3839
-2240 -2399
2268 -3848
-2268 -2390
2296 -3857
-2296 -2381
2324 -3866
-2324 -2372
2352 -3875
-2352 -2363
2380 -3884
-2380 -2354
2408 -3893
-2408 -2345
2436 -3902
-2436 -2336
2464 -3911
-2464 -2327
2492 -3920
-2492 -2318
2520 -3929
-2520 -2309
2548 -3938
-2548 -2300
2576 -3947
-2576 -2291
2604 -3956
-2604 -2282
2632 -3965
-2632 -2273
2660 -3974
-2660 -2264
2688 -3983
-2688 -2255
2716 -3992
-2716 -2246
2744 -4001
-2744 -2237
2772 -4010
-2772 -2228
2800 -4019
-2800 -2219
2828 -4028
-2828 -2210
2856 -4037
-2856 -2201
2884 -4046
-2884 -2192
2912 -4055
-2912 -2183
2940 -4064
-2940 -2174
2968 -4073
-2968 -2165
2996 -4082
-2996 -2156
3024 -4091
-3024 -2147
3052 -4100
-3052 -2138
3080 -4109
-3080 -2129
3108 -4118
-3108 -2120
3136 -4127
-3136 -2111
3164 -4136
-3164 -2102
3192 -4145
-3192 -2093
3220 -4154
-3220 -2084
3248 -4163
-3248 -2075
3276 -4172
-3276 -2066
3304 -4181
-3304 -2057
3332 -4190
-3332 -2048
3360 -4199
-3360 -2039
3388 -4208
-3388 -2030
3416 -4217
-3416 -2021
3444 -4226
-3444 -2012
3472 -4235
-3472 -2003
3500 -4244
-3500 -1994
3528 -4253
-3528 -1985
3556 -4262
-3556 -1976
3584 -4271
-3584 -1967
3612 -4280
-3612 -1958
3640 -4289
-3640 -1949
3668 -4298
-3668 -1940
3696 -4307
-3696 -1931
3724 -4316
-3724 -1922
3752 -4325
-3752 -1913
3780 -4334
-3780 -1904
3808 -4343
-3808 -1895
3836 -4352
-3836 -1886
3864 -4361
-3864 -1877
3892 -4370
-3892 -1868
3920 -4379
-3920 -1859
3948 -4388
-3948 -1850
3976 -4397
-3976 -1841
4004 -4406
-4004 -1832
4032 -4415
-4032 -1823
4060 -4424
-4060 -1814
4088 -4433
-4088 -1805
4116 -4442
-4116 -1796
4144 -4451
-4144 -1787
4172 -4460
-4172 -1778
4200 -4469
-4200 -1769
4228 -4478
-4228 -1760
4256 -4487
-4256 -1751
4284 -4496
-4284 -1742
4312 -4505
-4312 -1733
4340 -4514
-4340 -1724
4368 -4523
-4368 -1715
4396 -4532
-4396 -1706
4424 -4541
-4424 -1697
4452 -4550
-4452 -1688
4480 -4559
-4480 -1679
4508 -4568
-4508 -1670
4536 -4577
-4536 -1661
4564 -4586
-4564 -1652
4592 -4595
-4592 -1643
4620 -4604
-4620 -1634
4648 -4613
-4648 -1625
4676 -4622
-4676 -1616
4704 -4631
-4704 -1607
4732 -4640
-4732 -1598
4760 -4649
-4760 -1589
4788 -4658
-4788 -1580
4816 -4667
-4816 -1571
4844 -4676
-4844 -1562
4872 -4685
-4872 -1553
4900 -4694
-4900 -1544
4928 -4703
-4928 -1535
4956 -4712
-4956 -1526
4984 -4721
-4984 -1517
5012 -4730
-5012 -1508
5040 -4739
-5040 -1499
5068 -4748
-5068 -1490
5096 -4757
-5096 -1481
5124 -4766
-5124 -1472
5152 -4775
-5152 -1463
5180 -4784
-5180 -1454
5208 -4793
-5208 -1445
5236 -4802
-5236 -1436
5264 -4811
-5264 -1427
5292 -4820
-5292 -1418
5320 -4829
-5320 -1409
5348 -4838
-5348 -1400
5376 -4847
-5376 -1391
5404 -4856
-5404 -1382
5432 -4865
-5432 -1373
5460 -4874
-5460 -1364
5488 -4883
-5488 -1355
5516 -4892
-5516 -1346
5544 -4901
-5544 -1337
5572 -4910
-5572 -1328
5600 -4919
-5600 -1319
5628 -4928
-5628 -1310
5656 -4937
-5656 -1301
5684 -4946
-5684 -1292
5712 -4955
-5712 -1283
5740 -4964
-5740 -1274
5768 -4973
-5768 -1265
5796 -4982
-5796 -1256
5824 -4991
-5824 -1247
5852 -5000
-5852 -1238
5880 -5009
-5880 -1229
5908 -5018
-5908 -1220
5936 -5027
-5936 -1211
5964 -5036
-5964 -1202
5992 -5045
-5992 -1193
6020 -5054
-6020 -1184
6048 -5063
-6048 -1175
6076 -5072
-6076 -1166
6104 -5081
-6104 -1157
6132 -5090
-6132 -1148
6160 -5099
-6160 -1139
6188 -5108
-6188 -1130
6216 -5117
-6216 -1121
6244 -5126
-6244 -1112
6272 -5135
-6272 -1103
6300 -5144
-6300 -1094
6328 -5153
-6328 -1085
6356 -5162
-6356 -1076
6384 -5171
-6384 -1067
6412 -5180
-6412 -1058
6440 -5189
-6440 -1049
6468 -5198
-6468 -1040
6496 -5207
-6496 -1031
6524 -5216
-6524 -1022
6552 -5225
-6552 -1013
6580 -5234
-6580 -1004
6608 -5243
-6608 -995
6636 -5252
-6636 -986
6664 -5261
-6664 -977
6692 -5270
-6692 -968
6720 -5279
-6720 -959
6748 -5288
-6748 -950
6776 -5297
-6776 -941
6804 -5306
-6804 -932
6832 -5315
-6832 -923
6860 -5324
-6860 -914
6888 -5333
-6888 -905
6916 -5342
-6916 -896
6944 -5351
-6944 -887
6972 -5360
-6972 -878
7000 -5369
-7000 -869
7028 -5378
-7028 -860
7056 -5387
-7056 -851
7084 -5396
-7084 -842
7112 -5405
-7112 -833
7140 -5414
-7140 -824
7168 -5423
-7168 -815
7196 -5432
-7196 -806
7224 -5441
-7224 -797
7252 -5450
-7252 -788
7280 -5459
-7280 -779
7308 -5468
-7308 -770
7336 -5477
-7336 -761
7364 -5486
-7364 -752
7392 -5495
-7392 -743
7420 -5504
-7420 -734
7448 -5513
-7448 -725
7476 -5522
-7476 -716
7504 -5531
-7504 -707
7532 -5540
-7532 -698
7560 -5549
-7560 -689
7588 -5558
-7588 -680
7616 -5567
-7616 -671
7644 -5576
-7644 -662
7672 -5585
-7672 -653
7700 -5594
-7700 -644
7728 -5603
-7728 -635
7756 -5612
-7756 -626
7784 -5621
-7784 -617
7812 -5630
-7812 -608
7840 -5639
-7840 -599
7868 -5648
-7868 -590
7896 -5657
-7896 -581
7924 -5666
-7924 -572
7952 -5675
-7952 -563
7980 -5684
-7980 -554
8008 -5693
-8008 -545
8036 -5702
-8036 -536
8064 -5711
-8064 -527
8092 -5720
-8092 -518
8120 -5729
-8120 -509
8148 -5738
-8148 -500
8176 -5747
-8176 -491
8204 -5756
-8204 -482
8232 -5765
-8232 -473
8260 -5774
-8260 -464
8288 -5783
-8288 -455
8316 -5792
-8316 -446
8344 -5801
-8344 -437
8372 -5810
-8372 -428
8400 -5819
-8400 -419
8428 -5828
-8428 -410
8456 -5837
-8456 -401
8484 -5846
-8484 -392
8512 -5855
-8512 -383
8540 -5864
-8540 -374
8568 -5873
-8568 -365
8596 -5882
-8596 -356
8624 -5891
-8624 -347
8652 -5900
-8652 -338
8680 -5909
-8680 -329
8708 -5918
-8708 -320
8736 -5927
-8736 -311
8764 -5936
-8764 -302
8792 -5945
-8792 -293
8820 -5954
-8820 -284
8848 -5963
-8848 -275
8876 -5972
-8876 -266
8904 -5981
-8904 -257
8932 -5990
-8932 -248
8960 -5999
-8960 -239
8988 -6008
-8988 -230
9016 -6017
-9016 -221
9044 -6026
-9044 -212
9072 -6035
-9072 -203
9100 -6044
-9100 -194
9128 -6053
-9128 -185
9156 -6062
-9156 -176
9184 -6071
-9184 -167
9212 -6080
-9212 -158
9240 -6089
-9240 -149
9268 -6098
-9268 -140
9296 -6107
-9296 -131
9324 -6116
-9324 -122
9352 -6125
-9352 -113
9380 -6134
-9380 -104
9408 -6143
-9408 -95
9436 -6152
-9436 -86
9464 -6161
-9464 -77
9492 -6170
-9492 -68
9520 -6179
-9520 -59
9548 -6188
-9548 -50
9576 -6197
-9576 -41
9604 -6206
-9604 -32
9632 -6215
-9632 -23
9660 -6224
-9660 -14
9688 -6233
-9688 -5
9716 -6242
-9716 4
9744 -6251
-9744 13
9772 -6260
-9772 22
9800 -6269
-9800 31
9828 -6278
-9828 40
9856 -6287
-9856 49
9884 -6296
-9884 58
9912 -6305
-9912 67
9940 -6314
-9940 76
9968 -6323
-9968 85
9996 -6332
-9996 94
4936 5467
7280 8009
-395 -2968
-7721 -5329
-9779 4069
2293 3899
-1516 -2998
6564 -1475
6107 -7017
-5642 -6205
743 4525
9983 -9066
7105 -9543
-9640 2000
7332 -6829
7947 -2680
2789 7380
-9926 2044
-6167 -6157
4860 2504
1100 -412
-8783 1209
8066 -221
5371 -6504
-9819 169
8737 6967
-7535 1510
-304 7123
-7565 2588
4867 -9575
7856 6425
-4086 -3261
-3435 -6623
-8914 7279
8320 6325
673 1
9423 2573
-2477 -2076
3100 -4055
3308 412
-7582 7136
-1939 870
-5429 -5766
3552 -2947
5808 -287
5895 -2805
-9578 -8617
892 -421
9043 -9551
-2315 2304
-5261 9428
-1263 6269
-6914 -4121
7959 7679
-3358 1167
-4331 -9146
944 9287
3485 5742
-5037 -7421
-8375 -5465
-6251 -4465
-8159 -1932
-2476 -271
1125 -711
4396 4335
2986 2257
1398 33
7387 82
918 6756
-7863 1
-249 2889
7572 9486
-5803 7404
-5832 -5080
-653 -1827
-9724 1275
7313 4171
410 9156
648 -177
-8789 4292
-5178 -4827
8893 -3638
9447 -1696
-4495 -2461
-1679 -2076
-8614 6133
3811 -2098
-3386 9225
-8110 1698
1184 9825
-6858 -1715
-9591 4799
-863 8094
-9141 1128
-5104 -8452
5969 9545
-6029 -2483
6704 2860
-4004 9621
8034 9368
-5484 -2444
5019 -7791
8053 -4290
767 -2512
-6460 -2084
622 4877
-5078 5908
-7015 1887
-8111 -724
-785 -1051
-5255 7801
2897 -253
-639 5214
-1949 8229
1149 4335
-7839 -4639
-7069 4888
-2089 8807
4226 -5717
3748 -6192
9296 -904
-3648 4045
-5039 6209
-8656 7297
-5405 9213
-8015 -3147
-8003 -9677
-2349 9210
2627 -3711
6954 -6871
7168 1439
9531 9321
-3819 -7741
2253 437
6931 -8824
-4554 -8589
9386 1159
7104 -8635
-5323 -9513
-5995 -8099
-5249 5345
4445 9554
5559 4422
848 -1682
-1589 2368
-5986 8094
-7069 1609
6297 3757
-5907 5726
9186 -4
9717 -1035
-5980 9286
9979 9723
-2248 -513
-5893 5242
-1804 5531
-2781 -1334
7323 6697
-6033 3661
-9194 -86
-5039 1157
-8301 6891
-844 -1717
6057 -8232
1784 8340
-3715 9137
8917 3535
4502 -8091
3350 -2846
-3071 3054
-4255 -7519
5614 -7789
9350 -4647
-3449 -2994
9116 -2697
-1605 -2005
-8164 -4788
-609 361
-5823 3405
2657 -2567
5373 -459
-4460 -2170
5664 6199
9948 3721
1212 7724
4562 -5913
-2601 4132
3372 5983
5827 9556
-385 6587
-5210 1930
6397 3005
-5608 -1839
-4894 -6767
6273 -5369
7429 5276
-8840 -7628
391 -2044
-6555 -3567
-4275 5095
7452 2767
-8748 -9471
3791 -1607
6938 -4131
7971 7435
241 -1198
-3519 -4065
1478 8708
-6816 -2816
-5806 5722
2807 3622
585 920
-6352 -610
2157 1558
3335 5861
7228 -7320
-8115 -7965
-2225 4213
9248 -964
-8513 -3169
-2337 4100
1434 5041
1411 5358
8572 -6073
8953 -889
526 -3201
-1525 -16
-6002 7605
-2644 -3609
-7480 1246
3771 6189
6738 441
6697 -2126
-8565 1433
-8717 4312
9860 9324
-1213 2745
7548 -2984
-4300 -548
-434 422
8293 2936
1458 7709
7604 9161
-4899 1355
-1131 4177
-6087 -6567
-8668 4835
-2079 -3914
-2834 8781
-8603 5865
9198 7968
8346 -9822
-6586 9764
5665 7771
3149 -4257
7198 -8354
5564 8290
-7764 8338
-6366 6369
2377 8138
3569 1828
-8863 7676
7630 -6033
2349 4016
-9313 -3989
5982 5771
9402 4826
8720 8623
-2869 7309
-9285 5082
-774 -401
-835 -1590
974 3985
6090 1526
-4028 8447
965 6827
6589 5232
-5817 3896
2837 -4515
2216 4967
2280 8791
-7579 383
-4870 6901
4458 -4959
-3300 10
-8403 -9434
-1872 1092
486 1705
9811 -7148
7546 1600
701 8340
392 2534
-7796 -63
5046 -4570
9561 -8851
-7128 8492
475 3151
8920 -7215
4624 7801
6645 7621
9828 -7714
8840 -325
-6677 387
-7244 1859
7958 2421
-7350 -7824
-4715 5311
-5745 5767
-2831 3599
4434 -1747
169 5639
5018 4819
7016 2796
8200 -9983
5531 -4694
5012 1283
6188 4981
7485 6933
-366 1485
7680 -962
-2856 7788
-6042 7734
-1399 858
932 8465
-482 4484
2562 -673
-8164 -2493
9087 4671
-5769 -3746
-9680 6084
-6329 4820
-5974 -7082
-2206 9261
-7148 9714
5591 4888
-7228 891
-3771 -2689
-9381 -6092
9756 -1362
3661 510
-9746 8395
8796 -7889
-50 7557
401 8882
-4749 2782
6151 830
7336 1007
-699 1129
-5891 -4707
-4935 6627
915 623
-9782 -2813
-1861 626
3667 8351
-1862 3840
4798 6718
-6140 6061
7262 -3431
-3356 9984
931 4412
8858 9793
-5653 -1721
-7760 5285
2619 1926
-8866 -9887
1185 -2609
8281 -692
-7130 -6245
5520 -2656
5419 9871
-9717 -2361
4646 -2796
-4474 -7680
2615 -2160
6085 9201
-3896 262
-900 3533
-8010 -6486
7800 -3351
-6805 1128
-5818 2497
6916 4293
-2495 1915
8438 6340
6622 1549
-2847 9992
-6026 1240
9374 5056
8611 -111
6153 -1881
3881 -2005
-6714 55
3599 4113
-109 5356
7759 8358
7105 8554
2989 7112
9762 6808
-1879 5434
5102 -883
3349 -3276
3183 9709
-9038 9509
-3081 5711
8943 1979
-8036 -7910
-3441 8502
6772 -9051
-8814 8050
-5899 6543
-5137 6146
5305 4674
5073 -786
-6117 9369
-1290 7014
-5466 4022
-8469 -3597
-8569 -1530
-1758 6547
-7326 -8646
1376 2777
7724 -3247
-6552 -5817
7668 6342
-4865 4192
-9507 -2406
3016 6719
4862 3016
3216 9310
5464 521
8750 5791
-4971 6329
6664 6371
2776 3792
2669 -2203
9141 7874
-7707 -894
2527 -830
7768 6708
9624 5403
4841 -8777
7447 3982
6761 -7693
2317 -2249
2279 -4702
6584 -4763
-9614 -2491
6422 -6729
4473 8760
-3953 -7222
-7377 3973
-6578 -4247
-8092 -5543
-8208 -5683
7142 -8704
3353 972
-8491 -1886
1770 7305
6610 -4740
-1273 2666
-3596 -6182
8503 9005
-3488 -5934
8680 -3875
-7219 719
-5132 -4188
-5364 -3169
3077 9726
3646 -2260
264 -2518
-4479 -4251
9787 494
2467 -2915
5530 -4224
4500 9307
5838 -935
-5492 -9376
7373 7756
-3841 3325
-1311 9249
7657 -3192
8220 -3446
-4136 9468
-539 -1557
-7365 -9461
9139 276
-5076 8397
-6842 482
2592 4390
1985 -288
-8599 -2703
1854 -766
4856 7307
