1712 22 -1800
2 -1800
-2 -1800
4 -1800
-4 -1800
6 -1800
-6 -1800
8 -1800
-8 -1800
10 -1800
-10 -1800
12 -1800
-12 -1800
14 -1800
-14 -1800
16 -1800
-16 -1800
18 -1800
-18 -1800
20 -1800
-20 -1800
22 -1800
-22 -1800
24 -1800
-24 -1800
26 -1800
-26 -1800
28 -1800
-28 -1800
30 -1800
-30 -1800
32 -1800
-32 -1800
34 -1800
-34 -1800
36 -1800
-36 -1800
38 -1800
-38 -1800
40 -1800
-40 -1800
42 -1800
-42 -1800
44 -1800
-44 -1800
46 -1800
-46 -1800
48 -1800
-48 -1800
50 -1800
-50 -1800
52 -1800
-52 -1800
54 -1800
-54 -1800
56 -1800
-56 -1800
58 -1800
-58 -1800
60 -1800
-60 -1800
62 -1800
-62 -1800
64 -1800
-64 -1800
66 -1800
-66 -1800
68 -1800
-68 -1800
70 -1800
-70 -1800
72 -1800
-72 -1800
74 -1800
-74 -1800
76 -1800
-76 -1800
78 -1800
-78 -1800
80 -1800
-80 -1800
82 -1800
-82 -1800
84 -1800
-84 -1800
86 -1800
-86 -1800
88 -1800
-88 -1800
90 -1800
-90 -1800
92 -1800
-92 -1800
94 -1800
-94 -1800
96 -1800
-96 -1800
98 -1800
-98 -1800
100 -1800
-100 -1800
102 -1800
-102 -1800
104 -1800
-104 -1800
106 -1800
-106 -1800
108 -1800
-108 -1800
110 -1800
-110 -1800
112 -1800
-112 -1800
114 -1800
-114 -1800
116 -1800
-116 -1800
118 -1800
-118 -1800
120 -1800
-120 -1800
122 -1800
-122 -1800
124 -1800
-124 -1800
126 -1800
-126 -1800
128 -1800
-128 -1800
130 -1800
-130 -1800
132 -1800
-132 -1800
134 -1800
-134 -1800
136 -1800
-136 -1800
138 -1800
-138 -1800
140 -1800
-140 -1800
142 -1800
-142 -1800
144 -1800
-144 -1800
146 -1800
-146 -1800
148 -1800
-148 -1800
150 -1800
-150 -1800
152 -1800
-152 -1800
154 -1800
-154 -1800
156 -1800
-156 -1800
158 -1800
-158 -1800
160 -1800
-160 -1800
162 -1800
-162 -1800
164 -1800
-164 -1800
166 -1800
-166 -1800
168 -1800
-168 -1800
170 -1800
-170 -1800
172 -1800
-172 -1800
174 -1800
-174 -1800
176 -1800
-176 -1800
178 -1800
-178 -1800
180 -1800
-180 -1800
182 -1800
-182 -1800
184 -1800
-184 -1800
186 -1800
-186 -1800
188 -1800
-188 -1800
190 -1800
-190 -1800
192 -1800
-192 -1800
194 -1800
-194 -1800
196 -1800
-196 -1800
198 -1800
-198 -1800
200 -1800
-200 -1800
202 -1800
-202 -1800
204 -1800
-204 -1800
206 -1800
-206 -1800
208 -1800
-208 -1800
210 -1800
-210 -1800
212 -1800
-212 -1800
214 -1800
-214 -1800
216 -1800
-216 -1800
218 -1800
-218 -1800
220 -1800
-220 -1800
222 -1800
-222 -1800
224 -1800
-224 -1800
226 -1800
-226 -1800
228 -1800
-228 -1800
230 -1800
-230 -1800
232 -1800
-232 -1800
234 -1800
-234 -1800
236 -1800
-236 -1800
238 -1800
-238 -1800
240 -1800
-240 -1800
242 -1800
-242 -1800
244 -1800
-244 -1800
246 -1800
-246 -1800
248 -1800
-248 -1800
250 -1800
-250 -1800
252 -1800
-252 -1800
254 -1800
-254 -1800
256 -1800
-256 -1800
258 -1800
-258 -1800
260 -1800
-260 -1800
262 -1800
-262 -1800
264 -1800
-264 -1800
266 -1800
-266 -1800
268 -1800
-268 -1800
270 -1800
-270 -1800
272 -1800
-272 -1800
274 -1800
-274 -1800
276 -1800
-276 -1800
278 -1800
-278 -1800
280 -1800
-280 -1800
282 -1800
-282 -1800
284 -1800
-284 -1800
286 -1800
-286 -1800
288 -1800
-288 -1800
290 -1800
-290 -1800
292 -1800
-292 -1800
294 -1800
-294 -1800
296 -1800
-296 -1800
298 -1800
-298 -1800
300 -1800
-300 -1800
302 -1800
-302 -1800
304 -1800
-304 -1800
306 -1800
-306 -1800
308 -1800
-308 -1800
310 -1800
-310 -1800
312 -1800
-312 -1800
314 -1800
-314 -1800
316 -1800
-316 -1800
318 -1800
-318 -1800
320 -1800
-320 -1800
322 -1800
-322 -1800
324 -1800
-324 -1800
326 -1800
-326 -1800
328 -1800
-328 -1800
330 -1800
-330 -1800
332 -1800
-332 -1800
334 -1800
-334 -1800
336 -1800
-336 -1800
338 -1800
-338 -1800
340 -1800
-340 -1800
342 -1800
-342 -1800
344 -1800
-344 -1800
346 -1800
-346 -1800
348 -1800
-348 -1800
350 -1800
-350 -1800
352 -1800
-352 -1800
354 -1800
-354 -1800
356 -1800
-356 -1800
358 -1800
-358 -1800
360 -1800
-360 -1800
362 -1800
-362 -1800
364 -1800
-364 -1800
366 -1800
-366 -1800
368 -1800
-368 -1800
370 -1800
-370 -1800
372 -1800
-372 -1800
374 -1800
-374 -1800
376 -1800
-376 -1800
378 -1800
-378 -1800
380 -1800
-380 -1800
382 -1800
-382 -1800
384 -1800
-384 -1800
386 -1800
-386 -1800
388 -1800
-388 -1800
390 -1800
-390 -1800
392 -1800
-392 -1800
394 -1800
-394 -1800
396 -1800
-396 -1800
398 -1800
-398 -1800
400 -1800
-400 -1800
402 -1800
-402 -1800
404 -1800
-404 -1800
406 -1800
-406 -1800
408 -1800
-408 -1800
410 -1800
-410 -1800
412 -1800
-412 -1800
414 -1800
-414 -1800
416 -1800
-416 -1800
418 -1800
-418 -1800
420 -1800
-420 -1800
422 -1800
-422 -1800
424 -1800
-424 -1800
426 -1800
-426 -1800
428 -1800
-428 -1800
430 -1800
-430 -1800
432 -1800
-432 -1800
434 -1800
-434 -1800
436 -1800
-436 -1800
438 -1800
-438 -1800
440 -1800
-440 -1800
442 -1800
-442 -1800
444 -1800
-444 -1800
446 -1800
-446 -1800
448 -1800
-448 -1800
450 -1800
-450 -1800
452 -1800
-452 -1800
454 -1800
-454 -1800
456 -1800
-456 -1800
458 -1800
-458 -1800
460 -1800
-460 -1800
462 -1800
-462 -1800
464 -1800
-464 -1800
466 -1800
-466 -1800
468 -1800
-468 -1800
470 -1800
-470 -1800
472 -1800
-472 -1800
474 -1800
-474 -1800
476 -1800
-476 -1800
478 -1800
-478 -1800
480 -1800
-480 -1800
482 -1800
-482 -1800
484 -1800
-484 -1800
486 -1800
-486 -1800
488 -1800
-488 -1800
490 -1800
-490 -1800
492 -1800
-492 -1800
494 -1800
-494 -1800
496 -1800
-496 -1800
498 -1800
-498 -1800
500 -1800
-500 -1800
502 -1800
-502 -1800
504 -1800
-504 -1800
506 -1800
-506 -1800
508 -1800
-508 -1800
510 -1800
-510 -1800
512 -1800
-512 -1800
514 -1800
-514 -1800
516 -1800
-516 -1800
518 -1800
-518 -1800
520 -1800
-520 -1800
522 -1800
-522 -1800
524 -1800
-524 -1800
526 -1800
-526 -1800
528 -1800
-528 -1800
530 -1800
-530 -1800
532 -1800
-532 -1800
534 -1800
-534 -1800
536 -1800
-536 -1800
538 -1800
-538 -1800
540 -1800
-540 -1800
542 -1800
-542 -1800
544 -1800
-544 -1800
546 -1800
-546 -1800
548 -1800
-548 -1800
550 -1800
-550 -1800
552 -1800
-552 -1800
554 -1800
-554 -1800
556 -1800
-556 -1800
558 -1800
-558 -1800
560 -1800
-560 -1800
562 -1800
-562 -1800
564 -1800
-564 -1800
566 -1800
-566 -1800
568 -1800
-568 -1800
570 -1800
-570 -1800
572 -1800
-572 -1800
574 -1800
-574 -1800
576 -1800
-576 -1800
578 -1800
-578 -1800
580 -1800
-580 -1800
582 -1800
-582 -1800
584 -1800
-584 -1800
586 -1800
-586 -1800
588 -1800
-588 -1800
590 -1800
-590 -1800
592 -1800
-592 -1800
594 -1800
-594 -1800
596 -1800
-596 -1800
598 -1800
-598 -1800
600 -1800
-600 -1800
602 -1800
-602 -1800
604 -1800
-604 -1800
606 -1800
-606 -1800
608 -1800
-608 -1800
610 -1800
-610 -1800
612 -1800
-612 -1800
614 -1800
-614 -1800
616 -1800
-616 -1800
618 -1800
-618 -1800
620 -1800
-620 -1800
622 -1800
-622 -1800
624 -1800
-624 -1800
626 -1800
-626 -1800
628 -1800
-628 -1800
630 -1800
-630 -1800
632 -1800
-632 -1800
634 -1800
-634 -1800
636 -1800
-636 -1800
638 -1800
-638 -1800
640 -1800
-640 -1800
642 -1800
-642 -1800
644 -1800
-644 -1800
646 -1800
-646 -1800
648 -1800
-648 -1800
650 -1800
-650 -1800
652 -1800
-652 -1800
654 -1800
-654 -1800
656 -1800
-656 -1800
658 -1800
-658 -1800
660 -1800
-660 -1800
662 -1800
-662 -1800
664 -1800
-664 -1800
666 -1800
-666 -1800
668 -1800
-668 -1800
670 -1800
-670 -1800
672 -1800
-672 -1800
674 -1800
-674 -1800
676 -1800
-676 -1800
678 -1800
-678 -1800
680 -1800
-680 -1800
682 -1800
-682 -1800
684 -1800
-684 -1800
686 -1800
-686 -1800
688 -1800
-688 -1800
690 -1800
-690 -1800
692 -1800
-692 -1800
694 -1800
-694 -1800
696 -1800
-696 -1800
698 -1800
-698 -1800
700 -1800
-700 -1800
702 -1800
-702 -1800
704 -1800
-704 -1800
706 -1800
-706 -1800
708 -1800
-708 -1800
710 -1800
-710 -1800
712 -1800
-712 -1800
714 -1800
-714 -1800
716 -1800
-716 -1800
718 -1800
-718 -1800
720 -1800
-720 -1800
722 -1800
-722 -1800
724 -1800
-724 -1800
726 -1800
-726 -1800
728 -1800
-728 -1800
730 -1800
-730 -1800
732 -1800
-732 -1800
734 -1800
-734 -1800
736 -1800
-736 -1800
738 -1800
-738 -1800
740 -1800
-740 -1800
742 -1800
-742 -1800
744 -1800
-744 -1800
746 -1800
-746 -1800
748 -1800
-748 -1800
750 -1800
-750 -1800
752 -1800
-752 -1800
754 -1800
-754 -1800
756 -1800
-756 -1800
758 -1800
-758 -1800
760 -1800
-760 -1800
762 -1800
-762 -1800
764 -1800
-764 -1800
766 -1800
-766 -1800
768 -1800
-768 -1800
770 -1800
-770 -1800
772 -1800
-772 -1800
774 -1800
-774 -1800
776 -1800
-776 -1800
778 -1800
-778 -1800
780 -1800
-780 -1800
782 -1800
-782 -1800
784 -1800
-784 -1800
786 -1800
-786 -1800
788 -1800
-788 -1800
790 -1800
-790 -1800
792 -1800
-792 -1800
794 -1800
-794 -1800
796 -1800
-796 -1800
798 -1800
-798 -1800
800 -1800
-800 -1800
802 -1800
-802 -1800
804 -1800
-804 -1800
806 -1800
-806 -1800
808 -1800
-808 -1800
810 -1800
-810 -1800
812 -1800
-812 -1800
814 -1800
-814 -1800
816 -1800
-816 -1800
818 -1800
-818 -1800
820 -1800
-820 -1800
822 -1800
-822 -1800
824 -1800
-824 -1800
826 -1800
-826 -1800
828 -1800
-828 -1800
830 -1800
-830 -1800
832 -1800
-832 -1800
834 -1800
-834 -1800
836 -1800
-836 -1800
838 -1800
-838 -1800
840 -1800
-840 -1800
842 -1800
-842 -1800
844 -1800
-844 -1800
846 -1800
-846 -1800
848 -1800
-848 -1800
850 -1800
-850 -1800
852 -1800
-852 -1800
854 -1800
-854 -1800
856 -1800
-856 -1800
858 -1800
-858 -1800
860 -1800
-860 -1800
862 -1800
-862 -1800
864 -1800
-864 -1800
866 -1800
-866 -1800
868 -1800
-868 -1800
870 -1800
-870 -1800
872 -1800
-872 -1800
874 -1800
-874 -1800
876 -1800
-876 -1800
878 -1800
-878 -1800
880 -1800
-880 -1800
882 -1800
-882 -1800
884 -1800
-884 -1800
886 -1800
-886 -1800
888 -1800
-888 -1800
890 -1800
-890 -1800
892 -1800
-892 -1800
894 -1800
-894 -1800
896 -1800
-896 -1800
898 -1800
-898 -1800
900 -1800
-900 -1800
902 -1800
-902 -1800
904 -1800
-904 -1800
906 -1800
-906 -1800
908 -1800
-908 -1800
910 -1800
-910 -1800
912 -1800
-912 -1800
914 -1800
-914 -1800
916 -1800
-916 -1800
918 -1800
-918 -1800
920 -1800
-920 -1800
922 -1800
-922 -1800
924 -1800
-924 -1800
926 -1800
-926 -1800
928 -1800
-928 -1800
930 -1800
-930 -1800
932 -1800
-932 -1800
934 -1800
-934 -1800
936 -1800
-936 -1800
938 -1800
-938 -1800
940 -1800
-940 -1800
942 -1800
-942 -1800
944 -1800
-944 -1800
946 -1800
-946 -1800
948 -1800
-948 -1800
950 -1800
-950 -1800
952 -1800
-952 -1800
954 -1800
-954 -1800
956 -1800
-956 -1800
958 -1800
-958 -1800
960 -1800
-960 -1800
962 -1800
-962 -1800
964 -1800
-964 -1800
966 -1800
-966 -1800
968 -1800
-968 -1800
970 -1800
-970 -1800
972 -1800
-972 -1800
974 -1800
-974 -1800
976 -1800
-976 -1800
978 -1800
-978 -1800
980 -1800
-980 -1800
982 -1800
-982 -1800
984 -1800
-984 -1800
986 -1800
-986 -1800
988 -1800
-988 -1800
990 -1800
-990 -1800
992 -1800
-992 -1800
994 -1800
-994 -1800
996 -1800
-996 -1800
998 -1800
-998 -1800
1000 -1800
-1000 -1800
1002 -1800
-1002 -1800
1004 -1800
-1004 -1800
1006 -1800
-1006 -1800
1008 -1800
-1008 -1800
1010 -1800
-1010 -1800
1012 -1800
-1012 -1800
1014 -1800
-1014 -1800
1016 -1800
-1016 -1800
1018 -1800
-1018 -1800
1020 -1800
-1020 -1800
1022 -1800
-1022 -1800
1024 -1800
-1024 -1800
1026 -1800
-1026 -1800
1028 -1800
-1028 -1800
1030 -1800
-1030 -1800
1032 -1800
-1032 -1800
1034 -1800
-1034 -1800
1036 -1800
-1036 -1800
1038 -1800
-1038 -1800
1040 -1800
-1040 -1800
1042 -1800
-1042 -1800
1044 -1800
-1044 -1800
1046 -1800
-1046 -1800
1048 -1800
-1048 -1800
1050 -1800
-1050 -1800
1052 -1800
-1052 -1800
1054 -1800
-1054 -1800
1056 -1800
-1056 -1800
1058 -1800
-1058 -1800
1060 -1800
-1060 -1800
1062 -1800
-1062 -1800
1064 -1800
-1064 -1800
1066 -1800
-1066 -1800
1068 -1800
-1068 -1800
1070 -1800
-1070 -1800
1072 -1800
-1072 -1800
1074 -1800
-1074 -1800
1076 -1800
-1076 -1800
1078 -1800
-1078 -1800
1080 -1800
-1080 -1800
1082 -1800
-1082 -1800
1084 -1800
-1084 -1800
1086 -1800
-1086 -1800
1088 -1800
-1088 -1800
1090 -1800
-1090 -1800
1092 -1800
-1092 -1800
1094 -1800
-1094 -1800
1096 -1800
-1096 -1800
1098 -1800
-1098 -1800
1100 -1800
-1100 -1800
1102 -1800
-1102 -1800
1104 -1800
-1104 -1800
1106 -1800
-1106 -1800
1108 -1800
-1108 -1800
1110 -1800
-1110 -1800
1112 -1800
-1112 -1800
1114 -1800
-1114 -1800
1116 -1800
-1116 -1800
1118 -1800
-1118 -1800
1120 -1800
-1120 -1800
1122 -1800
-1122 -1800
1124 -1800
-1124 -1800
1126 -1800
-1126 -1800
1128 -1800
-1128 -1800
1130 -1800
-1130 -1800
1132 -1800
-1132 -1800
1134 -1800
-1134 -1800
1136 -1800
-1136 -1800
1138 -1800
-1138 -1800
1140 -1800
-1140 -1800
1142 -1800
-1142 -1800
1144 -1800
-1144 -1800
1146 -1800
-1146 -1800
1148 -1800
-1148 -1800
1150 -1800
-1150 -1800
1152 -1800
-1152 -1800
1154 -1800
-1154 -1800
1156 -1800
-1156 -1800
1158 -1800
-1158 -1800
1160 -1800
-1160 -1800
1162 -1800
-1162 -1800
1164 -1800
-1164 -1800
1166 -1800
-1166 -1800
1168 -1800
-1168 -1800
1170 -1800
-1170 -1800
1172 -1800
-1172 -1800
1174 -1800
-1174 -1800
1176 -1800
-1176 -1800
1178 -1800
-1178 -1800
1180 -1800
-1180 -1800
1182 -1800
-1182 -1800
1184 -1800
-1184 -1800
1186 -1800
-1186 -1800
1188 -1800
-1188 -1800
1190 -1800
-1190 -1800
1192 -1800
-1192 -1800
1194 -1800
-1194 -1800
1196 -1800
-1196 -1800
1198 -1800
-1198 -1800
1200 -1800
-1200 -1800
1202 -1800
-1202 -1800
1204 -1800
-1204 -1800
1206 -1800
-1206 -1800
1208 -1800
-1208 -1800
1210 -1800
-1210 -1800
1212 -1800
-1212 -1800
1214 -1800
-1214 -1800
1216 -1800
-1216 -1800
1218 -1800
-1218 -1800
1220 -1800
-1220 -1800
1222 -1800
-1222 -1800
1224 -1800
-1224 -1800
1226 -1800
-1226 -1800
1228 -1800
-1228 -1800
1230 -1800
-1230 -1800
1232 -1800
-1232 -1800
1234 -1800
-1234 -1800
1236 -1800
-1236 -1800
1238 -1800
-1238 -1800
1240 -1800
-1240 -1800
1242 -1800
-1242 -1800
1244 -1800
-1244 -1800
1246 -1800
-1246 -1800
1248 -1800
-1248 -1800
1250 -1800
-1250 -1800
1252 -1800
-1252 -1800
1254 -1800
-1254 -1800
1256 -1800
-1256 -1800
1258 -1800
-1258 -1800
1260 -1800
-1260 -1800
1262 -1800
-1262 -1800
1264 -1800
-1264 -1800
1266 -1800
-1266 -1800
1268 -1800
-1268 -1800
1270 -1800
-1270 -1800
1272 -1800
-1272 -1800
1274 -1800
-1274 -1800
1276 -1800
-1276 -1800
1278 -1800
-1278 -1800
1280 -1800
-1280 -1800
1282 -1800
-1282 -1800
1284 -1800
-1284 -1800
1286 -1800
-1286 -1800
1288 -1800
-1288 -1800
1290 -1800
-1290 -1800
1292 -1800
-1292 -1800
1294 -1800
-1294 -1800
1296 -1800
-1296 -1800
1298 -1800
-1298 -1800
1300 -1800
-1300 -1800
1302 -1800
-1302 -1800
1304 -1800
-1304 -1800
1306 -1800
-1306 -1800
1308 -1800
-1308 -1800
1310 -1800
-1310 -1800
1312 -1800
-1312 -1800
1314 -1800
-1314 -1800
1316 -1800
-1316 -1800
1318 -1800
-1318 -1800
1320 -1800
-1320 -1800
1322 -1800
-1322 -1800
1324 -1800
-1324 -1800
1326 -1800
-1326 -1800
1328 -1800
-1328 -1800
1330 -1800
-1330 -1800
1332 -1800
-1332 -1800
1334 -1800
-1334 -1800
1336 -1800
-1336 -1800
1338 -1800
-1338 -1800
1340 -1800
-1340 -1800
1342 -1800
-1342 -1800
1344 -1800
-1344 -1800
1346 -1800
-1346 -1800
1348 -1800
-1348 -1800
1350 -1800
-1350 -1800
1352 -1800
-1352 -1800
1354 -1800
-1354 -1800
1356 -1800
-1356 -1800
1358 -1800
-1358 -1800
1360 -1800
-1360 -1800
1362 -1800
-1362 -1800
1364 -1800
-1364 -1800
1366 -1800
-1366 -1800
1368 -1800
-1368 -1800
1370 -1800
-1370 -1800
1372 -1800
-1372 -1800
1374 -1800
-1374 -1800
1376 -1800
-1376 -1800
1378 -1800
-1378 -1800
1380 -1800
-1380 -1800
1382 -1800
-1382 -1800
1384 -1800
-1384 -1800
1386 -1800
-1386 -1800
1388 -1800
-1388 -1800
1390 -1800
-1390 -1800
1392 -1800
-1392 -1800
1394 -1800
-1394 -1800
1396 -1800
-1396 -1800
1398 -1800
-1398 -1800
1400 -1800
-1400 -1800
1402 -1800
-1402 -1800
1404 -1800
-1404 -1800
1406 -1800
-1406 -1800
1408 -1800
-1408 -1800
1410 -1800
-1410 -1800
1412 -1800
-1412 -1800
1414 -1800
-1414 -1800
1416 -1800
-1416 -1800
1418 -1800
-1418 -1800
1420 -1800
-1420 -1800
1422 -1800
-1422 -1800
1424 -1800
-1424 -1800
1426 -1800
-1426 -1800
1428 -1800
-1428 -1800
1430 -1800
-1430 -1800
1432 -1800
-1432 -1800
1434 -1800
-1434 -1800
1436 -1800
-1436 -1800
1438 -1800
-1438 -1800
1440 -1800
-1440 -1800
1442 -1800
-1442 -1800
1444 -1800
-1444 -1800
1446 -1800
-1446 -1800
1448 -1800
-1448 -1800
1450 -1800
-1450 -1800
1452 -1800
-1452 -1800
1454 -1800
-1454 -1800
1456 -1800
-1456 -1800
1458 -1800
-1458 -1800
1460 -1800
-1460 -1800
1462 -1800
-1462 -1800
1464 -1800
-1464 -1800
1466 -1800
-1466 -1800
1468 -1800
-1468 -1800
1470 -1800
-1470 -1800
1472 -1800
-1472 -1800
1474 -1800
-1474 -1800
1476 -1800
-1476 -1800
1478 -1800
-1478 -1800
1480 -1800
-1480 -1800
1482 -1800
-1482 -1800
1484 -1800
-1484 -1800
1486 -1800
-1486 -1800
1488 -1800
-1488 -1800
1490 -1800
-1490 -1800
1492 -1800
-1492 -1800
1494 -1800
-1494 -1800
1496 -1800
-1496 -1800
1498 -1800
-1498 -1800
1500 -1800
-1500 -1800
1502 -1800
-1502 -1800
1504 -1800
-1504 -1800
1506 -1800
-1506 -1800
1508 -1800
-1508 -1800
1510 -1800
-1510 -1800
1512 -1800
-1512 -1800
1514 -1800
-1514 -1800
1516 -1800
-1516 -1800
1518 -1800
-1518 -1800
1520 -1800
-1520 -1800
1522 -1800
-1522 -1800
1524 -1800
-1524 -1800
1526 -1800
-1526 -1800
1528 -1800
-1528 -1800
1530 -1800
-1530 -1800
1532 -1800
-1532 -1800
1534 -1800
-1534 -1800
1536 -1800
-1536 -1800
1538 -1800
-1538 -1800
1540 -1800
-1540 -1800
1542 -1800
-1542 -1800
1544 -1800
-1544 -1800
1546 -1800
-1546 -1800
1548 -1800
-1548 -1800
1550 -1800
-1550 -1800
1552 -1800
-1552 -1800
1554 -1800
-1554 -1800
1556 -1800
-1556 -1800
1558 -1800
-1558 -1800
1560 -1800
-1560 -1800
1562 -1800
-1562 -1800
1564 -1800
-1564 -1800
1566 -1800
-1566 -1800
1568 -1800
-1568 -1800
1570 -1800
-1570 -1800
1572 -1800
-1572 -1800
1574 -1800
-1574 -1800
1576 -1800
-1576 -1800
1578 -1800
-1578 -1800
1580 -1800
-1580 -1800
1582 -1800
-1582 -1800
1584 -1800
-1584 -1800
1586 -1800
-1586 -1800
1588 -1800
-1588 -1800
1590 -1800
-1590 -1800
1592 -1800
-1592 -1800
1594 -1800
-1594 -1800
1596 -1800
-1596 -1800
1598 -1800
-1598 -1800
1600 -1800
-1600 -1800
1602 -1800
-1602 -1800
1604 -1800
-1604 -1800
1606 -1800
-1606 -1800
1608 -1800
-1608 -1800
1610 -1800
-1610 -1800
1612 -1800
-1612 -1800
1614 -1800
-1614 -1800
1616 -1800
-1616 -1800
1618 -1800
-1618 -1800
1620 -1800
-1620 -1800
1622 -1800
-1622 -1800
1624 -1800
-1624 -1800
1626 -1800
-1626 -1800
1628 -1800
-1628 -1800
1630 -1800
-1630 -1800
1632 -1800
-1632 -1800
1634 -1800
-1634 -1800
1636 -1800
-1636 -1800
1638 -1800
-1638 -1800
1640 -1800
-1640 -1800
1642 -1800
-1642 -1800
1644 -1800
-1644 -1800
1646 -1800
-1646 -1800
1648 -1800
-1648 -1800
1650 -1800
-1650 -1800
1652 -1800
-1652 -1800
1654 -1800
-1654 -1800
1656 -1800
-1656 -1800
1658 -1800
-1658 -1800
1660 -1800
-1660 -1800
1662 -1800
-1662 -1800
1664 -1800
-1664 -1800
1666 -1800
-1666 -1800
1668 -1800
-1668 -1800
1670 -1800
-1670 -1800
1672 -1800
-1672 -1800
1674 -1800
-1674 -1800
1676 -1800
-1676 -1800
1678 -1800
-1678 -1800
1680 -1800
-1680 -1800
1682 -1800
-1682 -1800
1684 -1800
-1684 -1800
1686 -1800
-1686 -1800
1688 -1800
-1688 -1800
1690 -1800
-1690 -1800
1692 -1800
-1692 -1800
1694 -1800
-1694 -1800
1696 -1800
-1696 -1800
1698 -1800
-1698 -1800
1700 -1800
-1700 -1800
1702 -1800
-1702 -1800
1704 -1800
-1704 -1800
1706 -1800
-1706 -1800
1708 -1800
-1708 -1800
1710 -1800
-1710 -1800
1712 -1800
-1712 -1800
