6267 1500 -2000
-3199 -5198
1 -2000
3201 -5202
-3201 -5202
-1 -2000
3199 -5198
863 -1429
3180 8519
-1755 2034
5995 -9820
6746 -3505
8131 4703
-8590 -3020
-9515 6107
1844 2392
-8036 -1860
6518 5247
-6710 -3799
1030 3389
-9029 -3954
-1494 7472
9372 9314
7108 -8671
7513 9786
5416 -8781
-5262 -3201
2767 7034
-7859 5187
-5746 7277
4655 8872
-9144 -5996
3768 1944
-547 4988
2015 4753
-9821 -1426
-6343 -8353
-1062 3784
-3624 3899
6110 953
1565 9057
-6260 -8083
-1788 1038
4466 -7221
2213 -722
706 7276
7539 8309
6053 -8701
-3699 4329
-6478 9192
7736 -7098
4946 4141
-9045 -611
9445 8347
8601 -7585
7265 8722
-1468 3796
-6859 8757
8905 7256
-1279 5683
-3757 4103
-3466 4132
-4687 -2862
-2391 8176
901 4199
-9863 -9952
-2961 9883
2256 -1039
4851 -2665
-3464 5736
8700 -9959
1030 4234
-3438 -3353
9185 -950
-7826 4620
7893 4074
7177 -1553
1168 1235
4499 1320
7089 2199
8261 -9964
-2850 4969
9729 -6159
-6449 3815
8827 -3406
-5784 3213
-6696 -7142
-674 7931
7660 -5853
9068 -9917
89 8233
-3225 8965
-3622 7065
8185 3654
-9772 295
3133 1812
-4717 1689
-6537 -4761
6114 -5139
835 515
8105 9104
1743 6994
-7980 443
-7674 -4432
8976 -5778
4370 5391
8875 241
9245 7048
-1877 783
-2900 1002
71 5710
5404 -9595
3069 3190
5531 -9484
-3724 4917
-5350 -6055
7776 -9405
-2595 6307
5632 5472
-1761 6062
4255 9944
7673 1326
-4679 -648
6798 2762
105 3440
9929 349
-7930 -6069
-5499 5250
-9126 -968
3683 5677
980 5591
6438 8886
8396 -9475
-4569 8487
-9535 -1777
8077 -3199
4656 5424
6459 9591
-8095 9320
4400 -7946
5841 2089
-210 9018
9441 -8973
7676 2598
6082 -5557
9162 -5693
-62 8672
8285 7490
-9947 -3678
-7584 1632
-4915 321
-4338 -1986
1292 1065
7695 -4974
-6669 -1812
-5751 -4099
6384 -7651
2193 741
1689 6592
7177 1246
-7128 -9313
9644 -9017
5266 -4346
-7167 304
565 1470
-3789 4763
-3366 5380
-7483 4360
8317 -4360
1270 5432
-7905 2394
3263 4829
6452 8329
-6038 -7093
9887 -9726
4700 -5075
9870 -6302
3673 4424
-3286 4875
-3470 4021
4896 8943
3037 -4659
-6005 -8993
2861 4074
-987 2
2775 6717
-8549 3698
-8006 2198
-5172 -1427
3000 7965
2711 1254
3570 -861
6907 -1076
-3668 6395
-6602 -3692
-330 8512
9124 -3885
-20 3894
5099 -6940
9473 -2767
-7013 -9684
-5362 3196
-9897 4164
5552 3613
-8973 2674
9190 -609
-198 4447
-8693 -9346
-2003 4014
-8527 8753
-6333 6866
-3298 778
-8709 2055
5144 -8563
7750 6268
-2968 -442
2670 715
4529 -771
9946 -4034
-9506 -1613
9350 3690
-4125 -962
7107 -4604
9450 2242
-7688 -115
-2080 9360
8493 -3186
8913 -5025
2466 9030
-6913 7917
-1977 7426
-5882 953
7628 -3566
2826 8795
1215 8241
6687 3493
-2798 -3190
6642 6639
7626 2156
2080 5420
-4370 -6111
-9071 7804
-458 8101
1208 4279
-6201 -401
-6649 8869
-4289 -4690
5265 8375
7542 -457
-971 5997
795 3744
1751 7137
7540 477
6918 4735
720 8701
-1581 -2064
5440 -5434
1464 253
2140 -3106
-2615 6004
5632 4516
4199 6323
-7509 -7742
9397 -4120
4334 7918
3075 -2195
4042 7959
7142 -4921
-1853 7564
-343 8026
7457 -9823
5787 4802
-8664 -5899
6586 3700
-4992 8181
5136 28
6394 3964
9233 9540
7172 7008
-7722 -281
-7646 2815
-7597 -7250
-4173 1654
5525 -2537
7257 569
2393 6491
-6354 -9655
-5396 8344
-3678 2465
130 916
5043 -5197
7191 -7882
9189 -1619
-7078 -8976
8074 7071
-3576 1345
9753 7208
-9814 7585
9475 -4188
2050 -2156
1812 6176
-3238 4803
-3723 -3340
7836 6164
-7010 5369
472 8882
5194 4945
1773 7016
-1334 2153
4991 -7539
2473 2256
2195 -1
-7630 4884
-7080 3955
1881 6504
-7193 -6357
-6319 -822
7084 -8836
-9300 6648
-6221 8994
9715 -2579
-3791 -464
-9479 8017
-7794 1712
-868 208
-3287 9121
2107 5257
3827 3166
-6818 -6993
3742 3531
106 61
8518 -6776
-5776 8019
-492 1985
-9825 -2874
2701 8822
-9270 6368
-610 4294
8335 -4155
6663 2848
4946 -1293
6178 3410
1011 114
-8910 2675
568 6155
-4687 9348
-7078 -9237
672 2733
9861 2317
5570 -7480
-5522 -3649
6969 5595
7970 7661
-2044 5673
-5862 2431
-8377 8409
-2946 4865
-6703 -4750
74 7526
-3330 6300
-8026 1534
-1262 7668
-7259 7983
9486 7930
6486 3743
-9512 302
-1530 6534
-7393 -2387
9304 -4363
4249 9518
3935 6844
-3728 4292
5694 5141
4982 -7798
-5289 3655
-9976 -3518
2463 9820
-5165 -5327
-3621 -1972
3107 -2050
141 5872
6689 -1797
7769 -8643
-5247 7198
5167 6372
7182 1050
-2726 4127
769 6274
6037 4883
5594 -4343
3938 8242
-8794 -1943
9474 2882
-8587 -1153
-3837 -5976
-9874 270
-7863 -1134
6299 -6796
5998 117
5021 3214
2783 7335
6985 -2614
6752 -6796
2949 4266
-2479 -1216
3646 -1533
-5800 5521
-7104 7056
283 8073
-7237 5723
7447 -4320
-3176 6973
-5302 -9205
6133 9479
6494 4570
-9518 4958
-8653 -3931
9477 -8019
7749 3088
-4490 -7007
9657 8166
-6411 -6269
4599 -3472
8797 -8966
3754 2866
-7111 5488
3449 1554
-6101 -1642
-2840 7900
-3669 -1009
2949 -628
-6418 -738
-4441 -7983
8221 -4972
-5269 5487
-9586 3491
5687 3646
4855 -5617
3139 -2606
-4408 1113
6150 -7036
4733 -7933
7611 -468
4660 -4381
4598 3178
-3987 2235
7438 -7629
-874 8091
6434 -2907
9937 -6599
-6631 -7551
4720 -3102
-8744 -9170
4564 -5037
4897 -5726
-7682 6345
7148 3639
-9496 5282
8491 -6363
-3221 3442
4924 -287
-8743 5719
-1862 2162
-9313 -9472
9210 6438
7829 4124
2591 -1379
-9179 -8618
-4707 9716
102 4228
-1210 3507
9813 5471
2728 595
6032 -3062
5860 9175
-3613 7442
-3755 9272
9877 2059
9018 -9079
8148 -5138
7104 -9603
-753 917
9252 4956
-230 9324
9283 7303
-8175 8563
-3984 -4021
8525 -4010
6208 -2336
6668 -5525
-9824 549
6641 -9220
6893 -9867
8883 -9745
-7765 3138
-9640 -2836
8030 -5151
4250 -7440
-638 7919
2651 3630
-8228 2379
-8339 -4512
-4602 -6069
6412 9935
3867 3330
-5633 2933
-8695 4381
-4676 -204
5043 4243
3409 2127
-1859 2204
177 -1344
5798 -2177
-1187 9551
-7443 8613
8589 3191
6993 3024
-4873 7361
-9392 863
-885 -123
-6283 -6247
8392 -6933
-8383 -9115
9949 -5631
3720 -1444
7335 -7459
8191 4
-9391 -4595
-7811 -7424
-6446 -5056
-3517 4324
238 -1344
7643 -5681
399 2669
1456 -757
-481 8942
-39 9600
-3234 8998
2393 8492
2592 -1719
9245 -832
-1386 6842
-2684 -561
-3310 9808
-2802 5899
-4989 -5583
8221 -9053
-2879 7450
4853 4017
-4713 -3121
9629 -3994
6227 -8393
3357 1027
-4147 -3755
-8195 -170
5152 -5558
-2628 2941
1056 1826
6941 4226
332 9342
7410 9619
-7196 -4861
-9181 -5107
1035 -1396
9224 3299
-6993 -2623
-4249 9592
-3684 5331
9043 2387
7485 8357
4870 7710
8011 -3870
-9300 3406
-7512 8002
-8868 -3458
-8136 7347
362 -122
-4526 5966
8719 -3749
-6955 -8933
7574 30
7848 -1010
-3040 3895
-2574 6537
5409 2850
4298 -4786
3014 -1435
583 107
-7817 -313
8369 -2096
4562 -863
8149 -2112
-4388 4645
1522 2798
2371 779
-9569 1935
-9877 1716
9201 -7830
9360 -6664
9764 6267
5914 6396
-4435 5514
3246 5277
1001 3128
7263 -6271
-847 3731
7376 -986
-3908 5707
-2995 2121
-4650 -8614
9140 9763
-3662 8958
-2888 -434
9191 -3037
-6355 -7996
7524 4200
-8172 -5368
6266 -1403
9652 -9385
9590 6059
-9292 9603
-6327 -3602
-2911 2092
-4798 6338
7591 -6532
5507 -5312
8568 -7096
-2083 2172
-2905 7333
151 -1388
-8740 320
-8781 5750
6838 -7335
-4441 3498
-1478 8918
-5883 -6720
6503 3106
-6892 885
6908 -6259
1847 9643
-9217 5655
-1261 8684
-3611 9190
-1480 1092
-3199 -118
-7124 7643
-9271 3506
2649 5261
-3014 7440
-2690 6967
8591 549
-5288 1669
5089 3537
6177 -8978
5252 2370
209 8609
2653 192
-3896 6829
3360 -4627
-3279 693
-1290 -2113
-796 398
-5869 3065
3719 -6105
887 1403
7195 2508
-8568 4523
-6160 9859
-6441 -3731
-8306 5251
4265 7694
3440 -1517
1280 1794
6656 -4945
-3089 520
-3385 1836
2783 8395
8801 4700
6018 -8209
-8204 -2971
-6706 -4408
-997 2315
9496 -7156
-1627 5466
-9334 5681
-2043 1277
-1147 6411
4280 -3297
7109 -8350
-7332 -4364
-5244 -1954
-3428 -2452
8558 406
7601 -2927
-2068 -316
3708 -1905
7285 1919
-4052 -1590
-6388 2557
-6977 -1235
4387 9282
-22 7543
793 8403
-7415 2866
2846 3458
4502 -6369
867 4570
5894 -4724
-5137 -2581
9632 -3263
7758 6093
1068 2336
9298 -9825
-8340 8260
6216 9454
-6089 9292
-6841 -3013
948 2831
1762 434
-9512 8579
3638 -4602
-1835 2811
-1152 1666
-8307 -198
9219 -9303
836 9546
-3354 8918
5100 8963
2807 -2958
-9537 3507
8867 8374
-3916 -4998
-1510 -1181
-7713 -8183
-9331 7503
5218 4694
7864 -1302
5494 -5262
-4389 -4704
6729 -427
8135 9493
-9213 -7299
-918 -1297
1750 5481
6603 9345
-8999 -2865
-5744 -9210
-8392 -767
-4417 -4460
9139 -1747
-4143 -7329
6355 -7461
8717 -1699
5372 303
6408 -389
-584 2564
-1735 7936
-1253 -348
53 7517
5702 -680
-2557 -2874
-6959 3941
6218 -5634
1638 7153
-8940 -7411
-8097 2284
-3930 -2897
6971 -6219
-6289 -8286
9087 -2141
-8154 -9124
1113 8993
8961 -4151
4547 -6931
8115 -8600
-6318 -2063
-7962 -5470
6367 6013
8807 -318
5338 -170
2644 6137
-6231 -640
-1468 8082
-1152 8309
7615 -759
5553 5850
-8578 9427
1794 2340
-7748 1646
-1433 688
1046 1095
-4447 4248
4156 -2009
8919 4312
-9730 4636
6011 5814
-4398 -5084
-6871 -125
-6421 -1434
8926 -2584
7005 6352
8146 2754
-2188 3037
-6866 -5189
-4704 7206
3197 2885
7668 -5830
-2116 -762
1339 6342
-9204 -182
5094 4288
1459 7089
8631 -2816
-4765 -6560
736 7355
-4377 -3605
-8204 -1317
3941 2375
-8510 -2565
-5445 3206
-6342 -6261
-5015 7107
-2754 -4091
-4356 9881
5903 6451
619 9815
4197 -4118
-6952 -1788
-5897 4189
-4453 -2744
-6269 -4717
4172 -7210
1381 2676
-6140 -9851
-2211 8285
5124 4938
1468 6240
7754 5007
-9756 -8405
-115 727
4979 -7533
-2250 -138
7876 3205
-6577 8747
9898 -5110
-8077 8520
-3557 -4112
2350 4336
7688 -6514
-1733 8057
-8221 1437
-5264 -7218
-6034 -9224
-8528 -7471
5804 -7812
-5480 -3676
-5187 -6937
4505 4862
-6215 -795
1709 1553
-4533 -2395
6213 5254
-6006 -6366
6595 -877
3951 -4204
-4489 -3360
-2118 632
6859 -2830
3508 -5734
9719 -3101
9202 -6476
2321 -1628
-7500 -4007
-6300 5205
1687 3971
6819 -4592
6404 -6227
5258 7676
-4573 5380
-2333 2409
-8594 -168
-256 -1680
1452 -1380
-786 9775
-4963 3718
6416 -7834
443 5462
8021 -3836
5414 8264
9980 4257
-7060 -9378
8426 -6462
-5462 3481
318 2135
-8863 -5345
-1611 7503
-6095 8360
243 4343
3409 5508
6972 -8113
-3637 3011
7676 -9825
-9625 -490
9893 -464
4386 -6932
7249 2977
6762 -1271
-3129 -5005
2094 5247
-4957 -5038
-8985 -6472
-5123 7484
2149 8772
-2546 -1193
4010 970
6469 2986
-3842 -5455
-3310 2048
-2937 1375
-5097 8997
8712 -4257
-4734 8755
2159 4505
-9003 9755
-7097 7312
5039 -4296
-22 6439
-2364 7099
5089 -1261
558 2078
7581 3360
6545 -367
-8181 -286
-316 1192
-7711 6829
-4553 -4107
5370 -8198
4681 532
5689 9207
4207 1771
-5634 4753
-4507 7674
-431 8000
9889 -9284
4701 5942
-3076 3359
-9683 198
-2836 -1487
-5291 -2685
-4522 8559
509 401
-6274 -7023
-8851 651
5504 918
8974 -6242
1525 7344
8396 3720
-8879 2404
6588 3743
6771 -2183
720 5089
5916 -9996
-9789 3659
5009 9850
2505 6696
-7108 3751
4095 -26
6668 2575
-4019 -4876
-8365 6797
-8622 3700
-5966 14
-4523 1164
-8613 -3084
1735 9168
161 -1009
-5495 -9027
-9791 -3304
-7551 2275
8087 -8630
6450 -8188
-7617 5163
-4511 4927
-8626 2686
8657 3068
8579 -84
-7109 9355
7078 7039
-2430 5482
1286 2357
9389 -4103
-3794 -5405
6711 -9131
6734 -4501
-2643 606
7072 -7698
-9455 -469
-1276 -1440
-7296 8324
6190 1061
7931 2203
3340 295
4403 -7612
-5441 6872
9672 9205
-7493 -7054
3244 6667
-6624 5875
8084 5429
4338 2867
-9327 -7276
-7332 9399
5304 -9321
4080 8587
958 -1122
-9929 4978
8956 -8224
5473 6372
-840 -1810
-8697 717
-3884 9841
-2758 7137
7199 3932
-7152 6490
2615 -951
8758 -8551
5203 5724
5628 -4157
6281 9140
3339 -4279
9172 2389
-8189 -3997
15 8867
-7434 3191
-396 -1299
7034 -7389
-5513 -7744
1750 -450
8890 4574
-5027 -6609
6767 1160
-4948 -3853
4594 -5517
6565 6010
-1710 -2265
9250 8285
1175 2511
7318 -5345
-5229 -6502
-3385 -3043
1811 -1476
9805 6183
-8596 -4777
-7958 -5670
-2745 6730
7832 -4930
6934 9561
6548 4811
-7094 5680
4972 -7419
6609 3714
8509 -9604
-2884 4391
2943 4013
6354 -1116
-4784 1722
-2627 8934
-7108 4842
-8857 3375
8434 -7992
-9688 -8627
1698 2961
-2868 2411
-5690 -6713
2715 4711
-6314 8370
-7070 3789
9960 9557
2675 -2364
-7163 -6459
9812 -4513
-2573 -1026
-2577 -424
6096 -1271
6806 2265
4943 904
-5770 7546
-3212 204
3747 -4672
-3476 2897
272 749
9741 -4836
-5816 5970
6699 723
-5356 -847
-6524 -2989
4792 8423
-7217 8274
1956 1802
2816 2081
9449 453
-6064 -1937
4056 4453
-6475 9352
984 7220
5407 -2398
-7485 -4273
6377 -3020
4691 -8777
6072 3607
5788 -1061
-2635 1062
5779 4751
-1192 -1847
-9354 -5762
4653 -7554
898 -604
-7838 -6011
-3399 4309
7786 777
679 1780
4084 9672
-1658 5583
3841 5032
-6289 7508
-6890 -7289
7721 5655
4322 2505
-8641 848
2931 2900
9350 5791
-6241 3667
-6496 1121
4404 7453
-8647 -9750
7171 -7661
6760 -2156
-2118 9085
7375 3504
-8189 -9345
8170 -5777
-3842 8048
-6310 -2369
2026 448
1195 1112
8539 -68
-8123 9476
-3529 8344
-1133 -1042
796 1662
-9971 8138
-7459 -3461
-9245 7017
-4834 -4272
-1698 -1802
3864 7364
-6399 8425
-9825 -7552
-5507 3687
-9938 -6923
2576 1968
-1884 7359
-8697 -4910
-5067 1637
4290 -1134
8348 8150
3404 -3103
-1071 2720
-5063 8149
8519 1821
6779 9086
-9379 -372
6565 -7624
2737 4021
8971 -228
9737 -8743
-7019 246
-2332 -1342
544 -138
-8825 7563
-4179 4786
-5365 1880
6981 980
-9395 -6492
1401 7539
8215 -6430
9000 -8318
-3682 2053
-5721 -1219
3822 4401
5571 3470
-1270 1867
-261 -1205
4164 200
-6025 -5007
-1680 5714
-9484 -4186
6077 28
9299 -3959
7068 -3411
5094 5317
3440 5737
9269 8375
4197 3381
-2247 2571
8387 3792
-8376 8118
-4659 -840
5537 -3013
-6062 -5464
-6496 1145
-1025 5889
6879 -7008
6975 7545
-6239 -2325
-1450 4881
8068 -3989
6477 -418
-4268 6456
-5236 5500
-9401 5820
9414 2358
125 2061
-7714 -7029
-6527 8045
6002 -6270
3365 236
2044 -2594
-4156 -5870
5257 -8097
7844 1604
7909 1022
-7251 -8823
-5430 -5180
3749 -736
2304 8177
1096 7850
5189 1370
-4839 -7607
386 8457
7496 3952
-2367 -836
-2314 -1307
-7235 9904
-6072 8156
3695 9903
2066 8865
3191 -998
-7655 -4494
-6584 1525
-5990 1431
5294 -7879
-264 3664
-5809 5225
3582 2267
3337 -5286
6910 -7385
6700 589
-4599 -1100
-9660 -7439
-1648 -743
-6917 -2026
7499 7024
-9954 1035
7345 -2801
8073 615
6859 972
2797 2223
729 -733
-1978 6868
-3716 1633
-2518 6881
-1095 -1945
7075 -929
4357 -3825
9759 1623
-5749 -6212
-995 9331
-1862 2464
-8327 -1929
-8193 -8844
-4273 1807
-5392 -7325
7076 3890
9504 9376
-7337 948
-3009 -4559
-9328 -4892
-1068 5743
-2765 7530
-5444 8750
-6867 6313
-7425 -8394
6344 -6874
5260 8151
-4734 -5245
-8022 4763
1771 7876
1401 -1780
6043 -4145
7144 -4731
-1388 6646
5204 6901
9319 -8848
-8523 7289
-7681 -4515
6770 -3880
3526 -434
4833 4413
-1222 8691
7606 -3446
-6029 -2649
9948 -3532
-62 73
-9101 9656
4153 -5453
4457 -6781
-7926 9565
-1970 4934
-5215 -7429
-8578 -3107
5697 9816
4206 -5816
8790 4209
6943 7606
-9684 -6913
-8460 555
4233 2672
-9825 8055
7491 5852
7106 -3967
-2408 -190
8890 -2569
-2305 -2984
1854 3331
-8240 9110
-5186 -2984
-2308 1799
8647 4344
137 -594
-1990 9083
7023 6749
-7951 5611
-6892 -1182
-8487 -4871
9382 4115
-9252 3073
-9317 179
3502 -4090
-8964 -9255
1022 6842
4631 -6955
7226 -6406
-9140 5438
1318 -2341
-5222 -9184
-7062 -5766
7629 -2561
-7594 7963
-8975 8112
-1218 3913
-9638 -9992
-7945 -6202
-6341 -1085
286 -1455
-8792 2173
1479 3123
-5951 5
3713 -1605
1394 -1188
3385 3329
1532 7242
-2831 4041
-5457 2318
-9976 8867
-8151 8122
8310 5538
-2906 -203
-5108 5345
8022 -4528
8748 -3436
99 -770
7325 8322
5200 3189
9063 7562
3722 684
-7542 4101
9814 -9993
8415 -3784
3696 -742
-5840 -9156
-6210 9072
-9058 -3967
5511 1448
-6192 7952
-7262 4997
-3312 9193
1367 884
-1245 -2091
-5786 -8621
-4213 7861
9956 4759
1262 2847
3129 7006
-7806 -8035
-8920 -1829
6862 176
3563 5298
-7105 -6563
6431 1615
6142 1981
-9883 6559
-3018 500
3304 4169
8021 -7269
-3652 6306
-8432 -3667
7623 -8053
6542 -2770
8992 -390
6660 -5181
-6437 46
-8970 -8525
-9611 2348
-4420 -2632
9164 -3548
1154 6097
9789 6139
-4933 -9447
3107 -3614
696 4091
-1603 2175
-5465 3542
-5930 5531
-9531 -10
6088 8876
-6399 -3847
6738 -718
-6339 -5195
-7635 6522
8403 -7675
-9882 -8619
-6545 3600
48 6155
-7679 -4488
8539 -8881
8062 3974
1181 8061
7037 107
2426 2911
9280 -2139
9322 -1273
-9872 -4116
-5390 6174
5197 -8143
7689 -8676
-7567 -3729
5329 -8618
8642 -5744
-9801 -1916
5990 3950
-7777 -8157
6408 -4054
-2223 5534
-816 9686
-6804 -4201
-257 -1659
8522 -9134
2002 6784
-1590 8451
-6163 -9510
8107 2015
-2398 9120
-6703 -2118
5782 7638
821 144
-5353 -6887
1738 -398
-8667 6737
1616 1616
3572 -5424
9811 1321
9042 8018
-4717 -2002
-3761 -5729
2384 505
-3899 -209
-9314 1673
-1772 2489
-5073 -3287
-7547 -9005
-6319 -7596
-3497 1872
9602 -6692
-8480 -631
-9781 4804
-987 -1491
-4443 -2630
3943 -2690
6455 6265
5978 -2010
-2980 8774
947 4531
-8983 -1660
-8647 -7614
-5328 7829
-6162 7967
5727 -579
591 7045
6854 3355
-6016 7236
1823 9356
-8662 -8342
574 1836
-7633 1635
8095 -1950
9325 2436
5870 5255
7083 2184
-4178 -2340
5698 3245
-159 541
8264 -4093
2709 4344
1597 2696
2731 8772
6671 6927
8980 -2019
-2484 6426
7221 -8957
344 5974
8390 -8430
-2036 5131
-4716 414
3264 -553
9563 2826
-6765 2908
-7094 -4460
3688 8934
7331 -4095
338 2058
-485 8823
-8510 2264
-8645 -3110
3398 2809
2699 8337
-9458 -3642
-4176 6734
7900 -1383
-5284 -7012
5088 5051
6550 2317
-6815 -9915
7735 -2104
7433 -6164
7945 -8186
-5076 1892
-781 5811
-5214 3681
1615 -2554
-1281 9486
5213 3140
2590 8356
1328 5932
8671 5363
-6689 3804
-5256 -616
-3432 8981
954 5212
4737 -1664
-8679 -2209
-2159 -560
-3476 8697
-8579 -7063
-6788 9926
-4449 5211
-1903 2369
-6762 8804
218 110
6552 -8063
1926 2570
-9815 -7301
-8739 862
9169 6850
-113 9974
254 5738
2927 8703
9749 2109
7571 -811
437 9052
-5547 -3229
5332 9932
1934 2777
-3793 2862
2064 9288
-4991 4464
2938 -2816
-4689 -1384
6764 -7711
9444 -6950
-9732 14
-5761 -5798
8155 3041
3703 2699
-819 5576
9092 -6397
9807 -7479
688 8139
-346 7998
-9006 -9902
6921 1734
-6267 1457
6463 1989
4915 -6710
-1894 -1268
9515 4818
1902 1755
-3359 8038
6051 933
-358 3370
-5523 -2865
-9894 4640
-2848 9448
-416 1438
8852 8397
-3431 8269
-9528 5740
8568 -2910
5603 -2152
-5324 9175
6549 -852
-3476 6224
3052 8815
-638 8709
7787 -7427
-7342 847
-1350 2640
8380 -6077
9842 -8997
-7397 -4004
1761 296
4983 385
-7465 3736
3671 3269
8334 -8479
267 6458
3225 5285
-3392 3688
5719 -3029
-3092 7016
-6788 7354
1997 8158
9122 4861
-5205 -7331
-6405 -3900
-7256 -7680
-9822 4663
-9185 9645
-6744 1544
4313 4859
-5957 5620
-9950 -3053
-4963 5560
-5551 -6345
-9920 -7889
-8983 -7240
-4203 7513
-2624 1277
8201 6336
3066 -3427
4901 -369
-3700 9432
-3225 -1375
5355 -3036
963 6969
-9689 4192
-4538 4233
1774 3381
8550 1866
-1949 -2784
9084 -5352
7902 3062
-2625 181
-7168 -9866
-7187 2258
1667 8001
6781 -8956
-9864 8262
2187 -1148
9568 2131
-6248 -3679
-5014 9602
-5506 -7117
9567 9791
-6622 -6108
-4474 301
5677 9100
1025 3889
3282 -397
2215 -2985
5308 -5633
4194 8231
-8330 7579
-1795 -1293
-7696 -7913
-4195 6992
7532 7344
-6602 -4166
1169 6313
5556 -662
324 -774
-8434 -9425
6479 6409
-6325 6765
1157 1228
-4754 3629
-8945 7827
5292 4074
-2727 8636
-6269 5028
6533 -6921
4277 -4104
208 -658
-1990 882
-3044 6026
4219 3985
6741 -8567
-9268 -6455
-7652 1640
6006 -6585
-6235 -2861
3581 6578
-6276 -9234
4367 4382
7810 -8111
-6128 -1940
3058 -253
-7564 -6356
-5920 -1449
4117 -2796
7760 7778
-1882 1601
-4176 -5570
2531 4145
-1206 4939
7881 2336
-7409 -8286
-3119 -3945
1231 8971
-9881 1589
8739 5346
-3352 8174
7717 -6152
8056 -4937
-6649 -9194
-2586 4531
5362 -7311
1703 -2778
3040 9298
3607 5618
-513 -760
-9464 -4759
-2385 4611
-8507 -4334
2197 6457
8491 8190
7982 8517
5169 -4108
1090 3868
8512 -7966
-8654 -3195
-2966 8852
-9004 -7826
-3630 -5224
-1565 -1400
9261 -3667
4400 -3452
9778 9833
4530 8445
-6876 6961
-5737 -4764
6022 -2321
-2028 -506
7315 9715
6115 2662
-6890 9095
8582 4301
-5300 -1952
4237 -7057
8489 2359
-4900 -5708
-3311 -3581
-7204 -9791
9393 5263
-8728 -8483
7844 -5405
3271 2982
-6429 -2856
1034 -710
-4979 2208
-7645 4026
4435 -6081
6215 8290
8867 -512
4416 5997
9183 9886
8628 3990
-2847 -1112
-4025 4677
9750 2673
-2456 4724
2894 1751
-3845 -258
6646 -8912
-2337 9021
9397 5437
-7164 -4513
-5229 9870
8306 -2971
-3892 1973
9576 8453
9397 1325
226 148
1132 5192
-1993 -554
2258 -1834
-9774 9039
6529 -2477
4982 3252
-3132 2902
7761 3264
7639 -5642
2941 5946
2485 5917
4137 -1360
-6833 7613
-7428 787
9855 -7220
2785 6856
-8903 -7900
6031 -4604
3132 8570
-4031 9603
-1943 1610
-9530 -9271
-9477 8165
4229 -3577
-7951 8707
-2157 323
7043 6021
6088 -3916
3203 1659
-8596 9989
-7280 -390
-9896 3980
-9510 -4414
-7828 6570
-4036 7815
-6580 -9776
-4940 -7109
-4425 -5158
-420 5058
2257 -338
278 9953
-356 -706
5062 -8990
1107 4817
1286 7749
5614 8485
3914 -3859
-3958 4856
-5805 -4791
2291 -2026
4564 -6651
1946 1894
2852 -2117
2012 -1737
697 8499
-8809 -4500
-9099 -5459
5242 -236
-8101 -3765
471 9614
-7735 -540
-2598 8858
6605 -4572
6263 -923
2659 45
-2351 2295
6203 2453
-1770 3748
6856 5973
-2671 1235
702 -1355
4080 -4589
6316 -3370
-6317 2861
9029 -6834
9288 1490
-7549 2750
-844 8434
-1810 6224
8092 -7997
2429 -3112
6495 9211
8475 -1672
-3050 6635
-912 -1627
9438 6490
-5724 -2076
7012 5794
1571 8612
7908 8620
-9139 3890
9419 -7114
9467 -4416
5020 -8486
6635 349
-2242 -2293
9274 -2490
9608 -513
7814 -4813
-6562 4041
8115 417
6445 5213
1983 -374
-1331 3019
-7209 -8479
-7430 4171
4752 -6815
5640 1434
5501 9821
9373 656
-2139 7606
6667 234
-3361 -4206
-6970 -3288
9179 9546
6029 -5743
-5743 -4256
-4828 6549
-3905 -4370
1034 3972
8866 4572
-7858 1762
-6592 6611
681 8140
7425 1175
202 7164
-6890 -7747
7735 544
-8403 1061
-8495 8752
-817 969
-2634 9692
-4450 -2446
-9800 5921
6913 -6679
-6171 2
-5701 -5189
-3434 -5026
587 -2091
-9111 -680
9181 3389
9388 -205
-5210 6237
-3535 6994
8175 -4987
7977 2500
7826 -4098
-4263 -936
-9838 3658
-8984 -2987
8893 2172
-2530 8672
-9957 931
-7744 -6705
6738 2769
2352 9347
-5421 4174
-9168 -8845
-9652 -4801
-7166 -7772
-4841 -996
-6286 -4076
2496 3753
-7915 9805
-4278 4233
2540 411
-5950 4940
5040 -8481
9059 -432
2509 -1297
5992 -7397
7923 -5261
5738 -9461
8204 -2698
-3593 -4528
-5427 -6076
7966 -171
-558 8422
3742 4765
8171 -3334
-8484 8767
4348 8178
2531 4686
6809 6057
-3952 -6227
-8432 -4138
-4825 -4988
-8107 -7700
9696 -4693
-9678 -9234
-3225 -2845
7144 6298
-5935 -2317
-3206 1086
-4939 8162
6605 -7850
4063 -5779
-8046 -688
5079 6973
6527 519
-2497 -1023
-4071 6585
-3240 -975
-4050 9955
9449 -4365
4720 9436
9470 -4138
8213 9584
2475 8447
-9471 -3046
1862 951
5097 2165
5302 -8260
4710 -495
-9974 -3214
-685 1779
-9745 1183
-4596 5586
2148 -2906
9274 8425
5002 5745
3028 3014
-4167 5012
-136 -41
-7230 -7776
9883 -8000
6037 9313
2983 5364
-3286 6727
-1580 2774
8836 3030
-3805 83
-7663 -1451
-8081 -8913
-5743 -7941
716 7768
9525 5270
3537 7658
-7679 -4367
7901 1814
-4042 -3759
3994 4738
3598 -574
-7276 2399
-1930 268
4126 6931
8211 -680
-6743 -7219
-6957 -5411
6893 6680
8340 -3407
9724 -3542
-7388 9708
-4779 2190
3245 1933
8828 6411
-5264 -4345
4356 -452
-4782 -5103
-4310 -6694
-49 9049
-9787 2840
9165 8278
459 -1299
9665 -2243
2216 7693
4531 -3465
8711 7520
-4096 133
-6989 7906
-297 4398
-1652 -614
-9948 3013
-330 4848
4944 -7378
-5457 -9445
3633 6124
2669 5410
2374 6703
-7458 1631
-8456 9318
5566 918
5600 940
-42 2062
6378 8424
478 6648
-5122 2982
-8807 736
5818 9673
-6509 -7806
-9899 2135
-5471 4365
-1417 3166
3652 5854
-6211 6420
-4134 4059
-3558 9285
6855 2988
-1472 -1690
-7630 8593
3898 -1618
6386 7559
-8383 -69
9842 9765
-9662 2838
9429 5343
-3939 5335
8088 7284
-842 9280
4242 1812
-6145 -8071
-6978 9233
1065 4393
5239 6050
7270 -2406
4426 6607
-8719 -573
-6422 -1221
-6806 -8165
1548 -417
-2730 8956
7301 3506
-6305 4810
2541 4080
4724 -4155
-4463 7775
-8555 -7469
-682 1340
-7002 -1720
-7028 4248
-8662 -4584
-4416 -4621
6159 260
8825 -457
2702 5103
-2570 6802
9660 -763
9347 -3960
-8496 57
8578 -7291
2096 3334
-9757 7281
5872 6669
-8267 -3753
4730 -1410
-5990 -9409
5261 258
-6708 2741
-8535 4586
7475 -4488
9057 8635
6348 -1746
7400 6995
-6038 1937
-9309 -233
8898 -9637
5869 8948
2397 3294
-3605 -559
-2777 8194
9890 -164
4620 8636
-8390 -7328
-1292 5181
2482 -3587
4840 -6689
8266 5459
-4879 -308
-4936 3480
-7329 -5395
-6162 -3458
-4818 -4060
576 4847
-8068 6030
9195 -7644
-4656 7977
-9309 4867
2085 6480
7477 2332
-3812 2998
866 -2209
6698 2689
-2549 7604
7827 -4142
-4095 -1287
9674 5792
-1476 -876
8252 -5699
8324 -8144
4545 -7102
-7046 -949
-5407 3996
-1941 4686
-6393 -1259
-5505 6855
-5889 1926
-5019 9861
-9009 5070
-3484 9437
1089 2045
-4139 10000
5042 5059
-2604 4349
7915 -2048
2324 3746
-9917 570
4898 -923
8923 -9792
-5176 6227
-2773 637
-4664 8853
9919 5434
-9380 842
-5194 3522
6132 5917
-6631 5775
-2950 5911
8765 -850
-8323 -7973
-6676 -7294
-1351 3696
6560 7073
8979 4729
8771 -8984
-6080 3918
5866 -6089
3840 -1639
-2191 57
7241 9479
8602 -6423
-5111 4726
3424 2960
-5834 8472
2073 2559
8975 3450
-6299 -9611
7043 -7543
-1883 4678
-4734 9698
-4794 7352
4682 -4895
-5720 4111
-5188 1859
-5852 -5021
2684 7513
8847 -7093
4965 -1307
6984 5883
8057 -5053
5102 1306
-9221 1003
-5175 -3948
-9107 3910
-2799 4003
2904 -826
9133 4785
3741 -4229
5723 -8960
7440 5861
8739 5767
365 5494
-3566 -5482
-8427 -1113
4557 3612
4245 -5347
-3178 9289
-7980 -1748
-2184 8691
8496 5081
2175 8024
7681 -9047
-9279 2775
7048 6502
1988 9235
5516 1282
6002 -8147
-3184 5418
-9946 -9841
-7071 8007
-226 3513
1024 -1607
9108 5902
8696 9855
-6731 3219
-2667 -155
7659 -5579
-4877 -2073
-6608 3530
-4881 -8367
2918 8967
8663 3171
4072 2565
8362 2026
-6930 -5665
-4781 5161
-8418 9503
3188 -1536
-9018 4332
3266 7606
4385 -6329
7877 -9062
4450 201
-3818 -1947
-3884 6201
6588 -5999
-8657 -7736
8607 5359
4755 -1828
-6816 7954
-4443 -175
-1624 -2725
7228 3204
1877 7531
5210 -9321
825 8655
2997 6035
-6779 -5594
2491 2214
523 3055
6714 3195
5684 4960
-3448 9692
-5421 -8914
7633 -1541
-8705 6615
-8107 -285
6744 -6374
-6779 9554
4685 2169
-1687 3602
8810 9318
9592 -435
4599 8168
-7373 -338
8292 9601
-9836 -6109
7372 -3383
-4063 -639
7884 8455
7349 -697
9877 -8310
4704 1268
-8108 -6723
-4968 5804
-3426 3380
-3609 -1972
-7291 4331
-7807 -5052
4774 -1727
9416 -1849
-5205 -7112
7747 8491
5863 5142
8964 5715
-1674 3346
6887 2100
6072 3555
-3740 -3649
5942 -7981
6235 -2799
1987 -2984
6 8228
9900 -1878
8945 9178
2885 6171
3424 2509
5845 -9372
4876 7904
-4403 -4682
-9365 -8953
4773 -3460
9574 -3945
6731 -6884
-4529 -6518
-1126 -415
2119 6699
-4956 -8601
8808 7130
-3730 2693
-1010 -1489
314 7255
-2537 8956
-2207 7900
5785 2599
8651 4931
687 -881
-9058 -4341
-9788 -1962
70 8350
6995 -3632
2294 5378
-9319 4664
-2235 -1563
-5348 1684
6322 -9603
-4245 9391
-5942 874
7229 1501
7281 -2990
-3231 6409
-7321 2152
-1306 9883
-3994 5019
-5987 80
-6696 1125
-9281 3776
-7370 -8717
8978 6746
-6994 -7379
-6508 -7426
5711 -7076
1152 5220
-2047 256
-1866 -1101
7641 -9498
-9204 3852
-7853 -5799
-8512 9678
-8564 -8831
5617 9350
6943 4338
-3910 2096
-949 813
6390 7591
7368 -2485
-4093 -3021
8241 -161
-5312 3318
3116 2327
-4 3840
8537 -8669
7857 5358
9528 -2499
-7459 -4943
-9306 2922
-9644 -7399
-5912 4046
-8257 -2261
2341 7379
4003 -860
580 -1868
-4981 9399
-5456 -1426
3876 -1249
-5998 -9157
5155 -3243
8869 1887
-9832 8031
-5952 7765
-6336 -2765
-3480 -467
-5205 -2668
-3656 -5711
-6647 -4914
-9753 9563
1580 9356
7847 -7359
-8996 6411
7837 5339
-2916 4609
6342 9521
-4213 -626
9520 7728
-3967 2495
9043 879
-5071 2882
-6867 8576
-7438 2686
-9408 -4216
-4234 2344
-7480 8280
-8982 7296
-7052 2161
-7810 4548
-4323 4566
776 -830
6115 3647
7360 5916
-2878 768
-439 3147
8681 1547
-5282 -1987
9839 -3317
-8949 5901
4155 -6803
8908 -6704
-5260 491
9394 -8172
-5267 -9293
-4427 3409
-9892 -6433
8880 1396
-9142 4422
-4395 -450
-9860 -6507
-2887 946
1909 862
-1365 1906
-6727 -1341
-5420 -4856
1171 9518
6540 4068
-4323 -7095
2056 -2538
9167 -1154
-4939 -3427
5894 6013
6656 -9681
-6068 -8704
2772 -1133
-9008 4870
-5107 1853
1089 1412
-1654 814
-6182 623
-1887 1578
-9203 -798
4239 5734
-3768 1621
5824 -5046
9439 -4381
5074 -9479
6761 2564
3701 6970
3004 619
-9402 3285
4651 4483
-9309 -989
-2092 5581
-8825 8707
2485 -3032
-1658 8394
1986 3141
-5654 4978
4390 2090
5120 1438
-5657 -7966
-99 7455
-4242 -5459
-3831 -3138
6239 8029
-3537 3693
-3307 -3799
-5901 -9572
7881 -4239
-2867 813
-8715 -6197
-2429 8626
-3186 -5058
-9718 6660
-666 7969
-4041 -5576
-1515 8480
1458 9007
-5719 7522
4533 -3777
-8300 3825
-103 3321
5977 9785
-6683 7903
2835 -140
-2122 4450
8082 -3182
-1865 6967
4708 2802
-2084 4490
-9061 5640
9545 -9802
7899 -126
4461 4039
-7482 2974
-7353 9953
2675 -1814
-9237 -499
-7293 8709
-1798 5839
-531 3962
-9156 -3849
2325 9897
-1716 -1485
9157 9358
-6157 7606
9037 1520
-3466 7750
-8183 -4248
-7105 5928
-7031 -9135
-8249 -1103
2166 5370
-8701 6539
5339 8837
-5286 828
-8789 -2550
9316 -1734
5361 4452
3011 -4798
-3793 4400
109 1984
-5774 7609
-5812 -7609
5254 -9824
590 8772
-7657 -308
-50 -1190
-2372 68
-2587 2733
-9066 7227
1089 -2124
8591 2838
-8880 7691
-1356 9623
-960 4717
-6180 9457
7691 -6557
4437 -3589
-3418 8670
-9061 -6400
5052 -4980
3860 7464
6512 -4965
8995 185
6599 312
-5255 4132
5630 6909
-6146 4899
3451 8183
7394 -4550
-9773 -5703
6894 -7972
-6460 8703
-5354 -3137
-4937 -1486
-6107 -834
7958 3000
-6381 1560
-4099 -1650
2888 1219
-8993 7199
3706 8357
8797 4737
-7948 5143
-5172 -9102
-2194 3541
4870 6874
6122 -8969
5436 -1752
9890 -1054
-1193 7249
7777 4999
5071 -63
-8901 -1663
5492 -4599
6400 553
8141 8383
-9504 -8695
5124 5380
-8491 3269
8726 9173
9612 -8215
4035 -3663
4711 -1516
8652 5001
-9846 -7300
2626 -30
8667 -1698
8234 -9181
-9699 5246
-7216 -5216
3001 531
-7110 -2106
3509 2608
-2024 7941
7190 -4182
4726 -4743
-6073 -1445
-8554 -1930
-8519 -5771
-2772 2724
-4631 -2392
-1776 8322
9332 -1177
6323 4090
5876 5026
-3009 -961
2866 -1361
1276 5583
-4035 160
7847 -37
-7378 9305
-2156 -99
-7520 4770
5919 3157
8942 3600
3530 -1081
-4661 -8131
8918 -1953
-6728 -1404
-5743 -5201
7077 -9315
-2735 -445
3711 2727
6494 -5171
-8431 6447
-8122 -9764
8924 -2935
-2119 -1471
8363 8823
3326 2229
9504 -3969
2875 -3521
-3681 7493
5619 4437
-3580 6079
4307 -2575
5075 1372
2384 -3668
9424 2797
-6126 -7628
1581 6373
9705 -3104
5611 7057
-3780 -218
-5054 -708
8062 -5927
868 1256
-3247 -4634
7287 -5446
-797 3099
-4311 -3740
9310 -6569
1449 -783
7783 9079
6711 -920
594 9008
5354 -617
-1089 7386
-8160 -910
3036 9973
2605 -3181
4383 -6897
8159 3068
8739 -6852
-7120 -5428
5545 -8907
4771 1197
-8908 -669
-5943 8707
9194 -1193
-2262 -461
-3767 -6366
3959 8839
8716 2679
3384 2677
8230 -300
-8736 3253
-2512 3914
7656 5640
-6314 -4828
-9796 1329
-8639 -4904
5676 -7399
38 7436
4811 -4682
6779 4294
-8994 -6143
9937 -8937
7155 3955
839 7123
1094 2257
-3202 1068
2763 4896
-6123 7957
9314 -8311
-4701 6975
7153 8786
8810 8490
7384 -967
-8033 -2082
-5073 4004
5647 -6455
4075 -4544
9612 -8024
-4185 3905
-7303 9930
9679 -6394
7044 7136
645 5993
-3262 311
-6162 2817
-9622 -7103
9365 -8927
3021 -4432
1054 2569
8351 -7859
-411 5467
-1365 7423
-427 4000
2133 -2024
4354 -285
5258 -4777
-5718 -7520
2568 4262
-3270 -2122
1733 -2705
9385 -4969
-8345 -5805
1703 4347
2568 -3289
-1569 3187
4833 -8816
6779 6088
9869 -4967
-9942 -7301
3586 -4670
2335 3157
-5125 7209
-4917 7544
-6662 8243
4358 4606
-9752 -3896
1597 7341
-6164 1216
-4990 -4319
-6479 8965
-798 7875
4012 207
-6563 6072
5059 -5041
7450 5853
5401 -8866
6607 7408
-2904 -3197
-3602 -4476
-6565 2664
-5239 -4313
-4223 4533
-1328 2648
-3452 -3952
8452 -2549
7449 42
-8203 -4123
4979 -3720
-9263 -1208
-5642 -525
3908 7420
9626 -1879
8313 4460
4613 9878
-8405 7730
-4978 -1380
-1439 5159
7717 -2151
8532 4095
-8064 1599
-9741 -1510
-2724 3484
2649 575
8424 8200
4541 8037
-6081 5354
-8202 6880
-3435 3033
9568 2806
1332 853
-6052 -366
7866 -2772
5696 -2488
5000 -5105
-2357 7447
-5155 -3045
-7535 -9774
5880 7129
-4059 -5162
-6324 5660
-8496 -1505
-5498 -8068
4014 -3440
7530 8046
-6640 2503
6505 1184
3892 -2489
7942 1175
6976 -5106
-7332 -3582
4366 -6604
-9794 -1287
-4993 -5988
-6199 5408
-8121 -3735
8895 2841
6676 8557
4466 -5358
3615 5989
4760 -8463
2442 1484
-5294 1495
3217 5445
7733 -8535
-1830 1735
4203 -7006
7450 8532
8492 -9263
-3606 395
1188 -1869
9382 1080
6788 9731
-7124 9526
-6646 -5897
5590 -5629
-9551 -8375
-6905 -8466
-58 9374
-3694 7328
-3008 9812
6601 -7135
-8259 -9853
6854 -4153
4315 4170
8617 1912
-8182 -4151
5221 7373
-3791 -5634
4326 4962
2197 8113
-3526 2315
-9303 9079
8216 -4310
-9746 -610
6731 -2407
-5490 9777
-3460 9762
9712 -2027
-5898 6054
1000 -427
3037 -368
6438 8182
6896 -3908
7168 -8061
-1269 761
2232 -3142
3659 2870
-2704 -2422
-4599 9080
7008 8184
-9390 -2213
-7391 -9186
-7393 -1118
-8236 -1292
8845 -1034
-6501 3108
-3053 4809
-6396 -3820
-4917 4239
-9491 1026
-7580 8483
-4037 409
-4488 1294
-5585 4617
-4753 -7784
3280 9391
3546 3211
-9010 8272
1392 7103
4266 -3077
9305 8129
-7224 979
-4712 -321
-8846 -8259
-2313 2192
-1469 1996
-9508 491
3683 8104
-5241 -5033
-6383 5418
-4594 4491
-6342 2025
-9692 -9158
-7913 8598
6511 1935
621 8114
-8663 -8914
9991 3616
-1781 1712
-8537 -4266
5814 8533
6372 5679
-4277 -2131
1953 -3097
6394 -9779
6452 1011
6257 -6783
3998 1247
4319 -5139
-9698 616
-4654 7961
4730 -4713
8233 -2113
-3765 -608
-7110 5501
-3831 9562
297 4553
4719 7984
4777 -3234
4576 9313
-6756 -8006
1947 2338
-4938 -5497
-4896 9586
-1717 4537
4488 -5814
-4735 8869
-4377 -4386
-2098 -1679
-7564 5913
-768 1986
2257 2250
5410 9675
-2786 212
-4369 7307
8164 -6011
1117 3556
5002 8124
-5764 7731
4398 2158
-792 9476
815 -128
6963 -6715
9112 -8117
-7722 -8151
5079 7117
-7320 793
-9038 5479
-9855 9077
5747 5108
2916 4639
-7109 4718
6749 -9180
-2048 -2149
7036 -6900
5313 -4069
1229 -960
-6038 -2462
7974 1676
-2783 2128
-7614 -8281
3305 1313
3791 2050
-2890 1406
9247 4638
1993 6478
-1734 2568
8432 1670
-6318 3445
-5913 8174
7484 6028
-9720 -6703
1290 5837
-6442 7223
-8214 -5535
-5123 -9760
6964 -5251
-6760 1977
-8896 -8518
4018 183
7335 -4144
-4900 -3542
9089 6123
-8389 -3338
-8661 -696
-1627 8620
-1695 4285
-6054 1903
-153 -119
4630 -724
2295 1571
4497 9254
-3678 -5383
5881 8856
9138 8252
-4460 3738
8029 1596
-2701 -2482
9648 -6546
1805 -220
794 290
574 -1432
-5459 -6083
9789 3934
7321 -2960
-3432 9661
7125 4797
-5759 7563
-5941 9482
-4832 -519
-4724 -1258
9978 -406
-8056 -5530
3464 -1653
-8792 7373
2470 -348
7811 -718
-3727 -4610
-999 -1443
5638 -6544
-5693 -3537
-3911 -450
511 112
-5311 -9386
5033 -241
-4258 9871
-131 6478
4618 272
5845 3570
7842 -7258
5171 1399
-302 898
-5275 243
-4863 5379
9421 1932
-4870 4907
-6261 1236
-4673 -7966
6349 -5482
-5828 -7872
3794 -3130
-7019 4249
-1558 -1973
1683 7326
3354 3763
-6974 115
3690 1238
3353 2823
-9986 -3844
8608 -5410
-9828 2833
-9267 2145
-9964 7455
-5690 -2649
134 -705
5591 7113
5144 1396
6050 -8495
-9416 -1709
5127 890
-9640 2355
8543 1302
-8567 6960
5814 -8656
-6805 5960
9013 7514
6909 -1759
8979 -5574
-7038 -4706
-2902 4733
-9277 8257
3309 -4758
-5339 -2694
3347 -4831
-3191 9545
4345 -3630
-8020 -4873
8996 3526
5293 6334
9703 6971
-7657 6404
-8072 6949
-7428 -1115
-5314 2006
2048 216
-7226 6373
5504 -7677
-9342 -9971
-3982 2933
8016 -6085
-5623 -4940
-6501 -5473
-8988 -8010
-5591 -411
385 5421
-2619 3623
-7688 490
-2882 -3493
2351 -1380
-7423 -9395
-409 7985
5213 -5348
-6539 -5363
-6631 -8606
4639 -4506
4666 6715
2311 4968
-1321 -2444
-6148 -3524
5850 8891
7834 5544
5681 1635
-2807 5575
1453 3935
5239 1808
-306 3767
6000 -2476
5246 2748
8559 7364
-4512 -3312
-8808 -3130
9980 9683
2193 1090
-8015 -5391
-2719 8975
4339 -7726
4193 4880
-1156 8253
1848 3676
6591 -1092
-7834 -6315
8839 -1170
3107 5469
6820 -5049
-9494 -8327
2123 -820
4309 9877
-5405 780
-5999 4603
7477 -9922
-2364 4279
-8312 -6625
3608 8448
-6761 -5250
7896 7462
5244 7108
8116 -6306
-7828 8230
-8787 6299
-7610 -2813
6377 4004
-8098 4513
2996 -1846
1830 7669
6149 7453
2239 9423
-4443 8394
-4356 3555
8977 1896
7855 -6852
-4131 -6567
1923 728
2634 2374
-9314 -8655
-7567 5964
-6715 -2114
-9209 1429
4955 -6428
-6682 -9767
-7865 1768
-3583 8598
4834 805
3624 5098
-8900 -9945
-5867 8316
-2962 4001
9852 8520
5333 -3999
4178 7411
3445 3704
-7113 8518
-5876 7714
7432 -8782
-8706 -6260
-4909 -4577
7203 -5884
8832 5488
-9542 -3680
571 6825
-8627 -8362
7771 -8706
-7565 4580
9643 6463
4643 -3290
-6824 -564
8933 -752
-2411 1462
4273 8698
-7893 3929
6043 2616
-6512 -1066
-6364 -2265
-5408 -520
4959 2238
429 7527
-6996 9292
1275 2288
8471 3575
6390 -6365
-2171 3829
-7963 6838
-4261 5429
4137 5544
-7024 9930
1084 5646
6468 3530
3932 1042
-8234 -8659
9643 -465
4893 2631
626 6976
5710 91
6297 2389
-8674 -778
9157 9841
-2971 6268
-5561 4461
2352 4941
6830 -4168
5185 -9844
8859 -2559
2704 -1992
5396 4843
7072 -5514
1626 3644
-166 -277
-1323 8458
-6220 -835
7615 -8465
-7859 4026
-5818 2111
7006 -8046
8001 -1148
9288 -9221
3686 2397
-5220 4468
1253 -1433
-9750 394
8034 6123
-8843 3812
-1755 -2000
-8779 6219
8633 -9855
-6860 5275
4147 -2253
-9638 -6988
-7182 -5948
3751 7326
-7060 -1075
-7589 -5625
-9481 -4539
6728 -1558
-8598 8258
-8906 -9693
-3308 -1817
-6355 9934
8969 -3808
-1727 9253
-2045 -868
-8265 -8076
4982 1338
2278 2653
-2448 2084
-1208 -940
8872 9447
5288 6019
90 8022
-2025 -169
9057 7159
-8131 4229
-9138 8651
-7360 3604
-5182 -5849
-9601 817
-9390 54
1308 3267
8344 7266
9117 5008
-216 1856
4674 -14
-8418 -6756
-1134 -601
9557 -2244
6309 9554
1761 -2013
-7623 -4718
-5761 5754
-7329 -7978
-2927 -2341
7947 4587
917 9330
-7985 -1568
-8976 -8202
-3162 9635
-8975 3039
292 9410
1296 8435
-456 6714
8452 4165
8924 8942
2698 -2554
-5893 -7969
1688 -919
5752 -178
-8333 -1377
-6783 9665
-3554 -1251
2888 -1712
-7202 -9116
-9949 5525
-3406 8857
-7070 9703
9502 -6242
5294 4376
-3113 8729
1464 -119
-2722 8680
-153 -1397
7233 -4062
5081 -6634
6748 -8237
-2021 527
-3895 3599
-7067 9768
-7364 -5622
-4257 7774
1953 -471
6582 1111
2584 -2114
1711 4615
-9045 -6788
3573 -77
1309 -1645
824 6180
-262 7931
-6056 -128
-775 8538
4838 -8880
4191 1611
8742 6265
4966 9216
-1470 3808
-503 4698
721 1900
-4766 -5980
997 -1209
-2202 4661
-7731 -8409
6789 9613
-6044 -1180
9511 -5053
-5957 1704
-2423 517
184 629
4571 99
-5245 1771
658 8152
-6445 6998
7293 -4933
1984 8794
2946 6836
6214 4079
19 6199
1513 1856
4628 6451
7795 9010
4049 3774
-9184 1059
-7907 -8630
7154 7419
-1429 8207
5597 56
-6707 -1138
-8636 5242
-6500 -3293
1087 9523
-7278 4556
2532 9118
5036 -6170
-8182 -5868
7224 -2481
6851 1552
4007 9573
7618 6572
8432 -8693
-2651 4646
9801 -4714
9617 -210
4947 4020
6978 9308
-3997 -687
6290 -8296
7629 3366
7778 -2696
-9949 -2433
3567 -1861
5569 -9132
8752 -5427
-7945 -7884
-5287 -427
456 5467
-5458 -3548
-5993 2417
-6757 -3159
6702 -9440
-5821 4545
5545 8757
6692 -3796
7966 7959
-9377 4753
-3483 4691
1026 8395
-451 1549
-6453 1626
4362 206
3849 -2998
7380 109
-6478 -9911
-63 -165
3798 -5371
-8314 6538
7575 5817
-6175 3884
7711 -2446
-4288 4133
134 5956
426 5818
7671 308
7720 1678
8433 8671
9635 669
3433 646
-3187 2047
103 -1755
-7049 -2432
619 4258
579 3796
4601 7337
-6086 -3978
8469 6082
5596 1252
-9077 -4512
7100 -8631
7248 1201
-8829 -3419
-2028 6163
8004 8152
-7273 -7734
5130 -8237
-9086 -2997
9731 -1524
-5900 1972
4528 -2937
-5928 -739
4611 7393
7854 9198
-4109 -497
5386 -3927
9462 8568
-5357 -3405
-9595 -5150
8694 5336
8278 -3600
2827 4383
7813 9427
-128 5045
6420 8950
2412 4995
7756 -2105
-4985 -7960
-7579 -5232
-8462 -5828
-9374 -6039
-3667 3764
7403 -8677
7397 7022
-7147 -8725
8345 -6168
-1261 5297
-3547 -1403
-6580 -9895
9398 5841
-6232 240
-5500 1177
1130 1721
-1359 -2542
6740 -1518
7403 -9235
2671 7205
8307 -4844
-9681 -2430
-4282 1749
9992 -3657
-8877 -6796
3748 9105
-5145 3221
-7070 -1235
-2476 -1009
-7217 -6304
6581 1483
-4134 5743
5087 6181
-8800 5146
7131 4213
-3260 4997
-9641 -2878
7738 2557
-9422 -26
5343 1344
9294 2183
8537 3449
8269 3408
4279 -1666
1122 2879
-8471 -5999
6586 941
6600 -6272
-3487 6788
-7246 -4978
7455 2048
-5391 1538
-7146 7396
-6528 -9687
-2170 4350
1678 2325
-5740 1967
3165 -1023
-1701 4061
4145 8225
-5981 1049
18 3027
-8356 -7399
-6306 -2940
7218 -5482
7227 9830
-6927 -7295
-3955 6812
-6659 5263
7895 -6491
-5723 -8863
823 1628
-466 8070
6462 -2629
-9493 -7120
6130 1308
-6254 -2079
7318 2609
-4816 1236
5853 -5253
-9649 -6347
-1370 8958
-1585 6512
-8673 -3080
-7257 1386
-1178 8513
8389 -6171
7838 3696
-3185 4532
4420 -289
7109 2436
8792 -2964
-9256 -6259
-5872 9426
-2457 1154
7196 -3646
-8991 1421
7499 4337
-1560 6477
-700 2630
-974 -709
-7732 7525
2674 6885
-5545 -5441
6462 7079
-3435 4187
-8013 1436
994 7659
8419 2063
-5170 -4185
-5515 7600
9840 397
-6450 -7589
-7509 -5083
1242 5092
316 6647
-4433 -1341
3099 5809
-5498 -9260
6966 -8002
7653 -6362
9108 -7338
1900 3103
4064 -6568
-2249 9912
-7298 2588
9875 -5240
6995 -9030
-6740 3432
-4078 1605
3374 6423
2077 2252
1443 783
-2634 9245
3331 6705
7276 5043
5221 5423
7281 1704
-6682 7100
8490 4772
9236 4377
-3368 1727
-3719 4286
-8535 -9885
-2738 -4024
-1491 3106
8020 38
3153 -19
-7146 4778
1791 -954
-7431 2549
-7811 2022
5735 1872
2809 -1894
853 420
8646 -4689
5904 7469
6229 2668
-5998 -3313
9593 -9974
1538 3450
-3006 6738
4120 -6518
-3380 4083
2136 9075
-6026 7103
-9674 720
-7426 1810
7694 -4336
9072 -8578
-7230 2702
4183 6639
-2912 7606
3448 7909
2702 1503
9148 -3708
4846 -6075
-3191 -4090
-2722 7502
7554 2485
733 5933
-7994 -1191
-8282 -6043
-7429 9076
-2815 7103
6236 4628
3605 1689
-441 9852
9820 -7814
-3517 7846
4416 -960
9960 -741
2384 6956
9044 9026
-1243 6734
5339 -1544
-4596 450
8988 1458
-2130 3587
-2108 4670
2740 1508
5248 -1764
-5785 -9934
-187 979
-3805 6963
-4591 8961
-837 6884
7383 -1108
-6951 -2408
-2684 6011
3747 5104
8312 -7943
-289 6680
4501 4091
3807 1389
-8474 7806
-4850 2811
8928 -7789
-5782 7818
8954 -6271
1891 4304
7802 2062
6842 9274
4615 3891
7306 3724
2113 -1671
-783 -1533
4540 6531
7561 -4830
7752 -1505
1909 5890
-5103 54
6416 4977
8587 8516
4875 -6162
-5915 -7226
-5561 6979
5262 -9297
-9528 3086
6212 5618
1354 3159
-1835 4405
-6737 1416
6458 -8841
4905 3358
4571 8156
3180 4033
8586 -991
5831 2329
7247 -686
9105 3458
837 2981
3113 9121
8612 4852
4596 9657
-9725 420
-3008 7037
9536 -964
5257 5303
5631 220
6943 -4553
-9118 -9668
-8062 -6498
-5986 -11
-6588 -1519
8940 -7493
5138 1650
-1220 3197
1547 8349
-3303 -5333
-7655 -6545
8446 3563
2907 4515
2878 -2179
9633 -3603
1529 659
125 -1168
9234 9876
3122 9420
-8642 -6650
1538 9299
-2742 2122
-7650 -4463
-1148 -1123
-5288 8281
640 745
-3041 -1555
2945 1400
-4303 6972
8608 -7936
2143 2468
7300 1943
-9010 -572
2521 3786
9437 -9258
-9734 -4767
3371 669
-8735 -906
2468 6622
5750 7363
-1610 1396
-9654 -5103
9736 -4056
1454 -101
-7688 -3175
-1639 238
4463 8326
-7058 -7489
4936 4536
-7663 -9533
9921 -7211
-9359 1578
8221 1203
8862 -7681
-2076 26
1298 -286
1000 3811
5142 5922
-1531 2504
5040 -7058
-5774 -2070
-732 -2114
-3069 -2397
-4758 -6028
-6135 -1950
-3295 7397
2631 9571
7026 6514
-5922 1688
9959 -868
-7829 4951
9775 4180
-2418 5983
-5143 -9822
6199 5603
6953 4749
-9875 -1247
-5223 2703
-3800 9683
-948 4851
8386 4471
-9821 -1938
-3618 -3089
-7239 -9940
-3375 9494
-7398 9452
-9867 2941
3126 5759
-2135 -1360
-4763 9359
-2077 -188
-9666 -3015
5020 4452
6826 648
-8252 -9254
3500 6115
5334 -218
-4981 -424
-9156 -2292
-3037 -553
-9763 3201
-8148 -2706
9570 1964
5083 -6041
-3933 2678
6463 -6139
-6912 -8656
-5748 -7228
-7198 5121
-7916 -6948
2088 580
2377 7753
8829 -6331
5815 -1504
-352 357
-9806 710
3944 7487
6579 2971
-1365 647
5229 -6020
9215 3034
-3977 -5335
1900 8217
-3508 8131
-4431 -3808
-8188 3715
-9667 -4513
8730 -8703
4372 -487
-9468 6604
7786 4473
165 3807
-5898 4614
9633 -5729
2885 7607
-1811 1859
8402 7191
-3469 4898
9036 4016
5624 -2306
-4270 4193
4818 -6196
3691 5517
-1649 -2478
1119 2113
-6470 -1262
-5175 406
6762 -4693
-8090 7241
3518 -3924
-2758 7741
728 -2114
-9399 1142
-6034 8981
2810 6737
608 8444
-8814 5111
-5422 944
-4832 -8295
-8744 6359
2127 3399
-9969 7829
3516 2890
-6241 -503
-5603 5032
-6663 -6295
5861 2209
3885 -5388
-5802 1728
-2085 3205
3331 -1832
-4796 9740
9567 4545
1647 5217
99 5139
-4229 5413
5138 6472
-8006 -6406
-4646 -2956
6432 1614
-7221 -5606
9991 -6113
7332 4050
-8752 -5605
2035 -2140
750 3310
-7821 -9026
6708 5122
-9990 -7899
1828 4246
-6844 -4742
-959 2887
-8463 9595
6346 -1370
7721 -8279
-7504 -4979
-7162 5057
4162 -7304
-1908 53
-2367 2362
-4215 7622
841 3598
3751 2257
2047 6658
9150 -6488
-5180 -3796
-3825 8708
2330 6781
8917 -8073
2722 -2587
3907 -4751
1792 4198
-6869 6563
-7401 7450
-4518 2330
6490 8944
-9155 -7678
7338 3260
-5444 -5343
-9569 6115
9570 -1998
1404 7293
7217 -9306
6298 8150
7994 -5811
4620 3461
1790 683
4993 2697
-8110 2052
3334 3166
-4403 3926
9607 -6456
-4309 -4446
-2346 6311
-6136 -3706
-1379 -1935
9234 7662
-4978 -179
367 5987
-5059 6395
7989 5506
5534 8124
-3565 -992
3586 -5199
2056 9241
6050 -3492
-8596 8859
-4671 -135
-1617 -79
-5540 -1265
-3550 6436
-6371 -678
-5771 8818
6824 8611
9603 1700
8920 -6316
-5449 -5818
7438 3257
2866 -2784
1760 8055
-6006 -7984
5685 6178
9835 -3246
1423 7228
8612 3532
9950 -7223
6057 8441
2797 8043
2618 8473
-8107 8722
7282 4171
-7963 -4305
7390 -949
2311 -2192
423 -830
-7905 4894
-8437 -4211
-152 -1016
-4377 9907
-6308 -4585
2765 8819
-6035 -5372
5027 5373
-6502 -6730
-8783 8235
3557 -1806
-6251 -220
-8151 -730
4014 5468
-4931 5537
9812 1113
4044 -847
125 -204
-4600 8306
-7438 1620
-7700 -9831
4221 -2672
7302 1376
5393 2734
7832 1052
7614 8640
5951 4353
-8756 2285
-2671 2851
-164 2569
-1090 7943
-6570 406
7150 9037
-9409 2443
-7453 -9966
-8200 5499
-8233 685
7808 404
-5827 9847
6770 5320
6666 7646
-8588 -6894
-7399 3421
-3338 2661
6038 7869
832 6377
9253 -1156
-9945 6931
-2191 -3198
5076 -2694
-5965 6707
9675 305
-9404 -8943
5682 3134
-2939 6917
-9937 -6212
-2929 587
-8676 -4651
5810 9024
6792 -3341
-6379 7300
-5763 -5100
6244 -7916
4175 -5719
-4497 8779
-9643 -7470
-9189 -6888
-3940 3984
1876 6237
-5413 -3792
-9038 8028
1077 4937
-483 2819
-8748 -5458
-7856 -7699
4782 5600
-8446 7692
-9181 3744
-2219 6596
-7391 -4571
-5036 -5894
8043 780
6275 4204
5736 -4990
-766 6695
-8618 9493
-7294 1137
9222 9341
-364 1167
-5833 -3927
-9054 -3288
7239 6337
7601 -2447
-8482 -6415
-7943 -4639
-3701 1491
7704 -6509
3579 8710
-2487 -2846
-4202 8930
-9201 7316
-2190 -2023
-3328 -4357
-6511 -9861
-5883 6299
-5748 -7927
-3327 7353
3382 -4154
-5547 616
9720 -6532
9815 -1708
-4484 5569
2352 9768
5908 -2400
-9729 -5971
5445 4221
3324 9723
-7157 -4825
-4430 -2663
3549 3033
-7614 -9809
-7253 9076
1304 5058
-7213 6072
-1094 4537
3527 1881
-9023 -3855
-1948 5582
3256 9768
-2200 5581
7612 9143
-8953 9118
3538 -5511
9776 2255
-7055 5051
-3691 -2899
-8924 7554
443 9716
6439 -2634
-278 8510
-7018 -8538
-8231 -912
4543 5940
-7428 -6204
-4719 -2483
-2753 9950
-9374 -6238
-569 8032
-4932 -9537
6366 9195
-2024 -2879
-9709 -8803
-9055 -1317
9781 8371
-6529 -8699
413 -910
8233 -2652
-8968 -935
-9847 -6807
9437 -5316
4484 -2480
2612 6379
1371 8533
-505 2519
788 127
1307 7960
9921 -4176
9338 1675
5008 8604
8535 9631
2674 -2567
-5173 2869
1073 5143
2223 -1742
5591 9214
8038 6688
2993 -4706
-486 4165
5019 -6932
-8446 4981
4346 9612
9165 -681
3804 -4327
1091 3685
-7094 -5538
-2689 -2589
-6309 -723
5944 1241
6893 -8077
-5585 3161
3991 -5455
3753 -5184
-8009 -4686
-4918 -6009
5527 4106
9303 -2328
2349 6342
-71 -915
-6996 -3664
-7431 3581
-9706 -4387
4558 -3740
-8942 8910
8286 457
-2646 2078
3545 3337
-4064 -90
-6429 -8106
2287 1378
-3884 -4842
1858 1056
6802 4371
3324 386
-9213 -2164
8760 9472
4586 -4278
2353 4857
-8953 5103
8771 -8939
1360 2444
6988 4332
-7348 -6747
-7001 1258
8995 -8203
4040 -4240
7746 426
-6722 -289
-4257 -3301
5486 -2120
-175 -1795
-8479 1145
-3313 -3157
-5015 1730
3194 -1987
9309 6107
-7841 2439
-2682 8599
-1914 5091
3418 9109
-1570 -2523
-9831 -1968
6437 -9355
3374 6781
-1622 -1498
-7262 7747
8666 -8188
-7038 6798
-1551 4546
-6828 1787
-6594 3368
-4378 -3706
-6173 3468
3039 5071
6794 5857
-7412 6256
-9592 -3646
958 7559
9684 -6671
7594 -5430
5639 7714
-2917 4110
1567 5359
-353 7958
177 2346
3725 -5430
-7654 -5012
-8439 6583
-9777 5287
-9207 6598
8742 5088
7040 2014
-3372 598
-17 728
-7470 9263
8838 -6224
-5733 -4375
-9177 -9886
-9638 5596
3629 5536
-6017 -4843
5302 4407
5324 6756
5496 3504
7783 -295
1133 9847
4294 3012
2677 2760
9344 -5175
-6127 1221
-5210 4239
8235 -7003
1436 -1523
-547 8476
7417 2906
6253 5463
-296 -1698
-8342 -8106
1482 244
5280 -9725
4965 2925
-9766 5727
3372 7577
-608 6460
2443 3848
5675 44
4543 -1159
437 6865
8699 2930
3874 4088
-6423 -22
-8304 -1953
9218 140
-9147 9817
-1041 5634
-5982 -1479
-6474 1340
7503 9949
2761 8376
-7214 1993
-1679 -871
-8847 -6767
5244 6266
6984 6975
-2773 3872
2813 1825
-9824 5782
1678 6302
-8073 5087
-1246 9022
-3858 4874
-867 6708
-9085 6348
-6665 -8024
9821 -8450
-4423 -2021
1906 6860
4301 4795
4855 3385
-8839 9989
-3324 9875
4531 -301
-8746 -2521
-4045 4726
3462 8763
9404 -3008
-2748 6730
2349 -2432
4380 -2816
-3426 4157
-7206 -5070
-7023 -2225
-2292 9139
-252 2341
-9501 6260
-1078 2749
925 2663
-1780 6324
-5556 6815
2158 9925
-3025 3215
-2273 -1327
3208 8120
8275 -3322
-3164 5919
-7355 5497
1133 1353
-6642 -6727
8511 5375
-1347 1661
-9968 4137
-2457 -816
-6078 -5170
7992 -4050
1310 1787
4997 -6962
-5011 948
2570 5325
6437 -1828
8595 7834
-7902 6993
8858 -8216
3482 9241
5178 -4326
4153 -1003
-8793 5696
-7406 1752
-9408 -9784
2594 2413
705 1422
4796 6247
-7325 1418
1278 7392
5087 7138
713 1840
7752 -3688
-7885 1429
-8197 7466
6505 9534
-6077 2596
-8878 3741
-8111 -1250
5659 3566
9611 7216
-926 4827
-1285 800
9611 -55
7202 -6342
-4508 4893
-7636 -9229
-6504 -9952
3182 -1391
5268 -9650
5196 6007
7241 -8115
6596 1883
-6650 -2868
-8883 -9510
9837 8613
4795 4502
-8677 3502
-6626 2316
5533 -8957
6985 -6943
-9381 -1350
-588 7601
-3704 -3293
8417 -9560
383 -1514
-9731 -7692
-209 2730
5162 5460
-3820 -6371
-6979 -5424
6379 -5059
7124 -4426
-1379 8465
-7335 2644
-1031 -1817
9940 5224
-7664 4928
-1905 3951
8064 4796
2766 7401
1559 2267
-5725 6622
-4106 144
9547 6427
-9982 -7880
6298 8220
357 8665
7547 8791
7985 -1096
453 4107
6462 6271
7411 -6964
7685 6611
-7989 9621
8939 -3734
5885 2035
-2608 -82
7169 -3017
-5701 7156
-2061 5714
-4109 1780
5177 -3820
-7910 -9201
-7782 -9755
7474 2389
-9808 4299
8937 7316
-1227 8186
-1429 1197
5759 -4890
-6194 -7546
-7089 -922
4404 336
5909 -680
9291 2877
-8527 -6696
-1190 4204
9888 -2631
-9909 -5255
-4246 5015
-5753 9222
-4650 9432
-5345 3937
3497 5827
4514 -6777
-2876 -25
-2413 982
6380 3447
-7420 2673
-6891 -8320
-6315 -1847
-2387 -1022
-5271 -8075
-6953 -8739
2919 4214
-1423 349
3050 -3669
6881 3838
8194 -4663
-7342 9219
609 8724
-8733 -3666
5187 -9701
-4096 -609
-3635 740
5270 -1006
7142 3801
-7407 -9034
6955 4930
4987 4539
-3605 5627
6623 -9787
-802 -1989
-5537 7086
5173 -3638
8367 1500
1011 2849
-8631 8386
-9876 2949
-4851 -1803
4759 -3188
-6136 -9354
-4734 1159
6182 -4295
3541 -3517
-4685 8615
-9840 -3852
-5574 3946
-3164 3311
-5938 2232
-3615 -591
2240 -2343
6535 7090
4710 9818
6352 9664
-8459 9100
-5484 8805
-9535 -5914
-4436 8015
-2746 -3733
-1092 631
-5703 -5070
5462 6029
-9378 -7266
-407 -918
-2599 648
-8056 4624
-7340 2150
-259 7170
-8898 5403
-8357 5727
6369 3231
8804 8141
-6029 8995
-7594 -3842
5034 -7486
-9348 5494
9290 5770
-5356 3708
-6587 5752
-7093 -2720
-1283 8912
-5076 7461
-9593 5394
-2910 -426
-1718 4007
3902 -5285
4979 -7398
3129 6237
-4714 -3926
6310 5892
1265 6409
-7161 1570
-1746 -2125
1414 3348
-2929 8082
4238 -3124
-4548 7699
9930 3546
70 181
-3106 3752
3734 -6072
446 6725
-3683 3797
-9673 -1958
3769 4642
-8811 -6191
848 926
9342 -5264
-8346 -908
2870 -2847
-9838 840
8196 -9531
-8206 -6954
5728 781
-9919 -8104
-7843 5097
-7725 2591
-2507 9267
757 3968
-3100 4292
8494 7791
-6162 -1395
9661 -6965
3751 3336
-229 -1710
-2413 -276
7681 2472
-8429 3014
-2907 2167
-8275 6763
3200 2927
-9756 1920
9218 -6500
7742 5982
2289 -3472
-8970 3663
2593 -2587
900 -2083
2940 2720
-6047 -1876
8584 -2250
7479 887
-6019 -7550
2946 -3895
-3256 -1550
-7674 6838
2607 6221
-4618 3458
-4505 9698
-4718 3160
-9437 4572
5352 537
-8092 3638
-7284 -8554
4084 2574
-6385 -1205
4428 759
-9426 6037
8510 -7883
4971 6009
2413 8462
-8513 8433
4115 517
8137 8933
2565 3781
5156 2532
-7048 -4813
8754 -2407
5767 1398
6811 5382
-3081 9894
-2254 7802
-4466 -7697
-5902 -1846
2569 3132
4891 8982
-9763 90
-5265 6682
2183 7687
-4360 -2220
9287 1328
-826 6688
-7634 -8614
-4836 -6925
1036 6720
5678 6175
-9847 9340
-7299 -7353
-4700 -620
1820 7110
4790 -4108
6216 8919
-1548 843
-6100 1280
6660 524
-3875 2610
-3963 -4844
-6365 4401
-8434 4894
-9315 2000
5421 5464
-7447 3688
4135 -1356
8066 -6126
-9662 -8666
-3939 -4274
-1929 -2796
4015 -1815
-5385 -2692
649 9964
-5978 -3104
-822 5119
-7707 -4761
1951 -101
-4910 -1830
1926 9769
6859 9801
8357 -74
9031 -5275
7724 1493
4888 -3568
6922 -6548
-9528 9175
-4134 7794
4316 7082
-6728 8871
8298 8794
-6933 3074
-6082 3481
-2782 -1130
-7354 8032
-5940 -9461
-1813 4693
-4463 9117
1180 5350
9741 -7525
-6224 3674
-5055 -3022
-6812 -2058
-4538 9989
5442 -7760
-9376 5377
-9710 2237
5388 7144
-9536 8293
-7954 -9593
-2974 4357
3162 5316
-8890 -1989
-8056 -9213
-7914 -5233
-8868 -3156
7814 3554
-7278 -5185
4739 6339
-7415 -719
6542 4537
-496 8596
-7574 9685
4625 7038
2805 -1874
-5354 3704
8078 -7969
3040 3319
-7237 -436
-5748 -5276
-8221 8787
4242 6047
9323 4950
6555 -8972
3514 -4634
8387 5972
-7125 -8612
-7477 445
-4681 7228
4757 8777
8947 -7536
8654 1126
8816 -1110
9945 -5722
7702 5475
-8197 -4642
9115 -3549
-9141 -3944
-3240 3888
-4588 -4704
-5534 8264
3950 -4928
-3256 950
4013 -3088
-5046 -433
2448 1483
4091 -1815
-5119 8906
7240 -7938
6371 -5504
-6987 9959
-8531 5885
-2972 3329
7682 -9634
405 6891
445 -1542
-5652 1793
-2110 -1239
442 2666
8110 -9176
-5315 -8665
6659 4238
-6079 -7870
-3004 -515
-9500 -1977
6319 -111
8402 1580
9160 -271
807 -1249
-6803 3585
-2063 4417
9617 -704
7907 8970
-4926 -3803
8248 -262
5698 5521
359 474
-8370 -615
-8544 8692
5500 5241
-2294 -1413
-3722 -1781
-3261 9643
4480 597
584 3000
-7423 421
-5641 3790
8240 5539
-4934 -681
-8902 -3590
-1702 4858
464 9654
6019 -3616
-9155 -682
-6111 9182
6652 5825
-6148 -9196
-586 7808
-6367 -949
8902 -9585
7098 2152
7831 7490
-5590 3396
8028 -818
9126 -8348
6277 1646
-3520 -3430
-9557 9185
7282 5349
3400 9786
9553 -240
217 2084
7733 -4215
3379 2495
4729 2868
-5762 -9170
-7118 6215
8526 -7114
-5114 -1562
3178 2297
3098 8613
8364 -8260
4730 4009
-969 2484
-4455 5403
-983 4510
9972 -6189
7636 4237
-5290 5553
-1124 2906
1741 4138
-2324 7090
-9823 -646
-7091 1755
-6508 -5737
-6339 6369
-3635 9734
-8974 2507
-4758 5219
4100 7410
4631 2135
-8797 7763
4409 -3491
-8780 -3928
9613 -4488
9735 6622
-1628 7208
-824 5311
9024 7362
5172 2303
-6160 5469
4672 -2371
5457 9122
2717 1557
-456 4410
-8683 6217
-6553 -3507
-1928 7323
4970 -1172
-8031 -3604
-1480 8140
-4700 -7286
-1332 -1035
-9437 -4004
403 6275
-9317 -1129
-3063 7985
-83 2375
-4831 4068
-9046 -6233
7982 2749
-5894 -9285
-7671 27
5077 1523
2940 6363
9376 8332
1029 5236
8337 763
-9897 -1883
6352 8639
9793 -7215
-3418 3336
-7524 -7581
9400 -2337
2992 -954
-364 -538
-124 4586
1194 2177
-5330 4882
-491 7112
9197 -2780
2759 7403
-3334 1843
5233 9721
-3643 4155
3720 5608
3163 1014
8021 -5634
-1099 5374
-4922 -9559
69 1007
-7573 5221
8521 7343
8577 7424
6615 -6405
607 7318
-8035 2377
9977 3387
-1374 4977
-8536 5083
342 2908
-3749 3045
1873 8258
-2599 2086
948 3932
-3231 -1560
8424 -1103
-353 3038
-4987 1771
-7745 5993
3056 -4674
-6693 -350
-9152 764
4312 -5211
-4311 3153
-8279 6668
-5801 853
-6652 8228
-9760 -3939
-9769 -992
7402 -1224
-2214 -82
1646 5721
-9436 -7983
-6989 7047
-3477 -3982
-5399 8819
-6407 7565
-3466 3310
-5900 6044
-6190 -2656
7529 7981
-4100 6302
9821 -2074
9115 9723
-455 7567
2821 -2770
3014 4725
3967 1743
7280 -6872
-4398 -6357
-747 9380
5570 -7709
5277 -9117
-3307 -1483
695 5253
3601 2227
1793 1491
-4560 -5857
2428 -2765
-2752 -1256
-919 6554
-6295 -837
5897 -5201
-5704 8310
116 4066
-9110 -1205
-7299 -8534
-9836 9482
3486 -974
8654 -9688
3841 -2445
-7336 -6986
8140 5704
-9270 -3262
2208 5512
6578 -9765
339 1258
8708 -3027
5300 9992
5860 -7705
9116 7661
-9732 -5565
-1390 1876
-8328 9374
-2808 9313
9979 9234
-9353 -6964
7347 2853
-9349 -1526
-8906 -5836
3355 5760
1194 6460
9238 -5396
-4979 -6298
7769 -7600
3687 5778
-2959 -3528
9001 827
5173 4071
7801 -7312
-523 2701
-7264 -6459
-4921 -4290
-8693 -4243
-7008 -3782
-7267 -2869
-7313 -1415
-8858 -1187
3376 -325
6500 973
-7237 37
5546 7632
-2505 4586
5973 8400
8722 -2975
9469 293
8881 -7455
-5558 1322
-8799 -1164
7682 1408
-8935 -3224
-4253 5051
3729 3241
9903 -6697
906 7426
6580 -4756
-2689 2623
-4397 9560
-4626 8880
8322 5015
-194 6356
-4779 -1119
4637 3215
-5761 -4287
-8653 780
5816 5989
-1198 7246
3791 -155
9182 -3703
-3648 7597
5890 62
-9126 -3683
7378 9494
4693 -1511
-679 9369
-6626 -3700
-4913 6186
8339 -7140
4226 2263
7536 -6874
-9937 8858
1878 8689
-3521 2766
9393 7402
-7789 -6568
7905 9946
-1709 6754
-2692 -1963
-8333 -3760
6477 3942
8165 6209
6080 7091
2902 -4611
-6459 -5725
-3698 2363
1876 9496
5790 -2727
-9694 -6664
-4649 -8333
-763 7473
-7480 -3432
575 4378
-7285 615
-352 2010
-712 -1970
7044 -950
1652 5008
-5954 4917
-4999 9011
-8559 6983
4236 1121
6375 -6615
-9448 -7635
-5096 1566
3051 5703
-6565 -3239
-2459 -2516
-7005 -4390
-8521 -8903
-6971 4494
-4537 8197
-54 8286
8977 9417
1747 7036
2172 4563
-4596 5069
1410 7256
-8445 -1885
-9535 -4936
3940 5154
7296 -4542
-8772 -9106
-3607 -4510
-7646 -3514
9094 5399
-4534 8785
5753 873
-2152 5838
7559 -2102
9001 9273
-6320 -4709
5668 6272
-8058 3929
4682 -683
-4718 -8321
169 7698
-9716 4615
-8566 -2825
-7692 1631
-7954 1108
125 8798
5339 8426
2364 7310
3533 8329
-7642 5636
-3445 7769
-8278 -2221
-3877 3835
-2738 -2910
4827 -645
9790 9237
-6344 5088
9913 -2208
3431 -4148
6987 2273
-4613 -3675
-285 7066
9770 620
-8679 -2162
-5747 7630
-250 7058
-8346 -4830
7175 5924
9530 -8594
-7883 2606
6302 -6
5674 -6996
6575 -1844
-4124 2808
-8090 7134
-4152 5696
1690 1730
4956 5892
-6675 5493
714 5412
-4484 -893
-4202 3695
9065 -5701
-967 -1306
-4249 -2539
-4207 -6603
-1358 -489
1944 -468
-8342 -7782
6655 -2095
-2975 229
942 3574
7261 1336
5105 5347
1725 2430
7799 7294
7141 -6967
-6583 9886
-121 -1394
-4142 4757
8020 -4285
-3313 2938
-1733 4744
8239 5796
-5235 -3794
-4782 -8511
8062 9320
-3540 9260
1353 8703
-2035 3703
7733 6133
9505 4039
9268 -3212
-8972 1052
4493 -4059
-1120 9841
6122 646
-1733 6883
-9935 753
-684 984
-5148 1954
8124 -5512
8856 -8015
3482 -540
-5332 7390
-8181 6861
-7576 -4756
-7344 -5272
9527 1748
-2882 -932
6860 -3566
6206 -7224
-5485 -2807
-4424 9494
-1952 2636
-26 4266
8548 -5804
7121 -2203
2354 -3150
4635 6931
-8487 6370
-7337 6710
9519 5903
9262 -4424
-1477 7048
-2797 4263
-6852 6166
7686 2681
-5433 4521
5116 -9046
1795 -174
-6385 933
4903 -8446
-8692 2443
7864 3017
-7069 -8781
-670 -1077
3146 878
8213 8707
2695 -3593
-7384 -7456
1869 7126
-9007 4036
-6392 8997
2357 8818
1431 5867
4848 5997
-4479 -1464
-7297 -8924
8051 8548
-7037 9003
-498 7681
3902 -5417
6653 -9262
6224 -2842
-6671 182
-6355 8572
6977 -1962
2868 -3618
-8210 -115
5628 -4923
4330 -7339
-2027 1071
3679 -4623
9469 1191
670 3622
-4731 -695
3981 9397
-5003 -1449
1178 550
7458 7761
4353 4647
3346 3879
4424 -693
8569 -8058
-3867 5741
-3758 1930
9050 -9255
-5845 912
9154 -2403
2434 6766
571 7176
-4081 -1906
-4670 -6202
-7923 8079
8136 104
-8542 -9497
-4610 -4354
-6642 -3287
-4689 1920
5887 2307
-8508 7016
9140 2156
-3731 8193
4043 7512
7778 7543
-7985 -2237
698 -499
-4083 8587
7956 -8752
-6345 -2174
-5478 827
1014 276
8268 -4837
7845 -2118
7564 7452
5973 -3618
8269 3793
7636 -7273
223 4313
9781 -9759
8012 5907
-3200 2131
3492 4234
-7958 684
6240 -167
238 -1254
6190 -864
1040 2750
-5657 4242
9012 -1290
2785 -3362
7261 -6720
6816 -4642
5374 -6438
-8262 5546
81 7508
94 -1928
2101 -51
9104 9528
6495 7072
1406 8580
8864 6051
-4007 7783
1485 138
9759 -8355
4007 743
-6492 -4563
-3371 7185
8057 3038
-7232 3102
5343 8325
366 8163
5218 1705
1041 -2316
-8906 7052
1363 1905
8749 90
-6736 -6095
-4438 -7078
-940 6628
3233 -3378
-2030 5880
-7105 1092
-2102 3407
7925 -367
-9088 -8809
-8655 -8231
2613 -559
-6385 -3932
-5537 -7841
-3815 2507
3870 9521
-5379 9265
-4775 4852
1541 6618
1206 2735
4353 9611
5783 6821
-9643 -5023
-334 2943
-8032 -3001
-3569 7314
3499 5498
-6300 -6197
2549 5895
8692 448
6115 -9405
-3461 -5137
149 1857
8940 -7930
-5927 5611
8526 1586
4862 4542
-3142 -647
6572 -865
-1740 887
-6224 -5720
-1654 -1776
1162 1313
2648 -348
6732 2654
1092 7214
938 -131
-8824 -9981
-9505 1540
2400 2512
-2101 2554
1066 8023
-3963 5570
-6426 1199
-8931 -8947
-4124 7386
5325 -4197
-9431 -4426
-180 6740
9351 6500
-7801 -7746
2807 -1524
-8654 -6069
-2079 -1776
-4901 -6379
-7209 -6998
-7756 7650
2504 3592
4539 9780
-6186 9452
-5587 2348
-2589 2343
1092 5959
-3926 -2095
-1707 55
9797 -3034
-3887 -960
-5778 1966
-8871 -1370
-6084 2506
-362 1485
9528 -2156
4053 -6570
-763 8240
-5779 936
1116 9909
-3467 -4980
9777 -2755
7710 -4455
-4190 -4808
927 4544
-7341 -2519
-2708 7521
9694 -7954
1000 5818
-5517 2448
9772 7529
710 1961
9670 -4847
-5916 7835
-6487 -6151
8179 -2585
-3926 -706
-1311 5796
-3106 2251
-4484 -3953
-3295 728
-8800 -1691
-3260 -5116
1047 -607
-6492 1674
7053 2806
4760 9945
-8860 -1735
5982 9397
997 3023
-8896 -2038
2704 6251
3685 6557
-9760 -7781
-7020 8007
5061 7232
-9523 2072
-9250 4780
6022 -6994
-5368 -7344
-55 7274
2219 -3016
-5120 7959
8496 8209
-2268 -649
5956 -8491
132 -1905
-5205 5906
4047 4813
-6957 -2843
-7658 -2101
-286 -1991
-1706 752
4032 619
6588 -6628
-9830 4837
-8702 733
-1510 29
4343 4678
-5669 3524
8177 6105
-8640 3810
-5056 -9440
-4122 -3981
5267 -1774
-7465 -2289
-2037 -2238
-6317 5887
1566 5545
5297 -5124
-7132 -6893
-6525 -8135
9307 5885
-8146 1921
-5099 967
-3398 -4507
-6149 1610
7544 4080
-908 9182
7598 7765
-9843 1369
6010 2797
-2813 7132
-9875 -8011
-1109 773
-7372 -3527
-2719 -2568
-4802 6095
4961 -4580
5435 -9622
-1976 -1224
-6214 7929
2004 5403
-7670 8653
3849 -293
8065 4710
8093 -8147
6040 -4358
4725 -4700
8174 1573
-2994 7539
-6471 -8884
-7683 5523
-2446 -1107
-9569 -950
3510 2406
-3850 3111
6116 -590
9265 -1274
-5960 -1221
-8216 -3373
9219 4825
-1730 4586
-6787 -4738
-3695 -5183
3956 5768
-2864 -584
9683 9672
-5200 -9499
-257 9523
-6219 -7336
-4387 2034
-9456 -3643
-6048 4519
-9360 9049
1756 2324
7034 -4233
-6421 -4583
-6356 3873
-8898 -8658
5139 2976
-3754 -3974
-8147 -9268
5050 -2586
-5929 478
9967 -511
7938 7970
6596 7728
2997 980
-2625 6682
-7171 2125
8709 -7536
3484 -1397
9173 -4902
3986 6196
-374 9041
-5538 -5469
3350 -1141
-8628 -3078
3687 -5573
-5080 -3584
-8522 -4409
6411 -2182
-9675 8059
3688 3556
9363 -4123
-8333 3207
8854 919
5506 7717
2450 7313
-8542 8259
-9459 8321
9945 8221
4826 8343
4875 -5477
4134 2257
-9591 1172
4172 -2220
-4736 5088
8464 -8647
6122 -1888
743 3011
-329 -205
-8517 -3288
-1152 6612
-5712 6640
431 -358
3931 4885
-9109 -2194
-6211 7539
7250 2411
2365 9630
2123 5455
-2830 -3710
-6784 8811
-3293 -4156
-4066 2769
-4565 6058
5840 6900
-3863 3622
-5296 -4140
5598 -5797
-8989 -4361
7284 620
-812 9893
-4797 -1240
6738 1199
-6785 7766
-8697 -5315
-9712 8583
2151 5026
-6489 3150
5197 5510
-1245 2896
-6467 6619
-8098 -7327
4670 2156
1148 5892
-7562 7757
692 1175
-1775 4037
4737 652
-6690 -5855
-5848 773
-1518 -771
5748 173
6474 5107
4622 -6425
-9540 7616
8265 9253
-7531 -1746
-927 8913
1854 1994
-6259 -7854
4490 2528
4779 -8909
9748 8859
5492 -7504
-6181 7358
352 4736
-8266 4010
1529 4694
3486 1620
6570 -4033
7565 -2891
-5261 -682
-4335 9108
-8113 8488
1651 -2267
-1135 -110
6348 59
9530 6844
-2789 4882
4853 -3527
8090 6027
-4591 3171
-1530 7447
-7068 -7340
2920 1101
7097 -8200
1875 1629
6586 1511
5358 9421
6987 -3173
215 -1775
-3924 8070
-9002 -5287
7868 8670
-7490 -396
-7988 -9191
-7697 -7562
6589 2583
-1458 7827
-3975 -5905
-4360 3702
-5008 3518
-7877 2746
7678 7516
-8112 -4322
5154 -9891
7562 -8117
9324 2449
-4791 4861
-9059 2602
-764 -809
-2126 -2697
2908 6933
-4624 -7437
9310 -7098
-1759 -1184
-5973 9456
7553 -1052
3296 2709
-7638 -9389
2887 -3755
-4378 -7905
9559 9731
9655 411
8685 3153
6140 -8758
2267 -1401
6017 -9661
-5429 3629
9031 -1584
6400 -4461
-5722 -4498
-1804 4028
7293 7249
6226 2430
6145 2192
-2225 9652
-9131 -1852
-820 954
6881 -8312
8689 8074
-3674 3087
8812 9757
8776 -7177
-6051 735
-1163 9733
8022 9638
-3920 5840
-7997 -7376
-2931 7642
9318 6896
-831 -140
-264 7331
5862 404
8352 8703
-5586 -1997
-6179 4662
510 7102
-7364 1958
3443 576
-1670 5314
2832 814
-1861 9577
-9153 -1756
5968 8808
-1743 4777
6736 806
-6311 7073
9627 -5942
8759 -6598
-4239 9636
6448 9597
5009 -8795
4110 5007
-9108 1774
-5963 6285
4461 477
3880 -5886
6708 -6189
1901 -2632
-4311 3812
-4216 5649
-8742 7221
-5965 -40
7338 7373
-4386 -6387
1188 9672
-7113 -6086
-1034 3160
3010 501
-172 4275
-1647 3287
-9799 -6528
1754 9650
2393 3867
2847 6703
-3214 7926
2617 -2649
-4837 3476
4084 -6527
3291 4398
-4159 1489
9464 5273
-4912 -6839
5680 7741
-7112 -1666
2362 2798
-5817 9097
-8743 -7045
6022 1892
7230 -9550
-5242 2212
9092 -2437
-5858 2934
3800 1403
1881 -2399
4012 6030
9211 -1974
7453 -3879
4176 9305
-9537 943
-9708 5707
7862 -1010
-4375 9370
941 3177
4837 4010
6904 3235
4458 -7823
-9381 -2675
2499 4073
-4757 6779
6701 8593
9362 677
-5547 -5615
6651 4869
-2342 -1419
-8917 -436
4058 5456
-6979 3975
5353 -4869
2640 6182
-9987 117
-7645 -4275
6695 -7945
4112 132
5885 -25
-7594 2258
-3849 -486
2689 -3265
8021 3970
-48 -1762
-6868 -4941
8271 9815
-1764 -300
7661 4799
674 4644
6058 8459
-9013 7020
2885 -3381
3284 4151
4199 5705
-9095 9078
-9422 -2460
-3269 8083
9319 4675
858 2994
1145 -1121
8114 -5805
-5201 -9270
-5815 -4631
-5951 -8900
-7212 283
6658 1402
-4441 -5473
-142 9126
8296 -4090
2470 -1016
-6845 -3874
-1070 -77
5071 8884
-5214 -395
-4380 -526
-7314 -4704
4455 1108
2699 7764
-6050 4222
9273 4619
-9791 -489
6936 3928
-9721 -7676
5069 2415
9456 -5446
1514 6527
4513 6815
7444 -989
-4847 4338
6363 7585
4290 -7078
3231 1210
4708 5919
-5637 -7025
7948 -8218
6030 -2950
8339 -931
4431 -3378
9624 6660
-5363 2779
-7525 4711
2392 -3671
1960 -1586
981 6001
-7924 -4765
-5967 1725
-4009 330
9379 8082
7654 -6990
127 6230
-9377 -2830
-8464 3584
-2838 3498
-3670 3265
3010 2883
-7356 -7518
-561 9027
3610 751
4948 -7116
8027 8591
5619 -5450
-8483 -3494
-9509 4034
9143 -7981
-9968 -8615
-9033 -1544
153 9337
-350 7991
-2477 8676
9013 -342
6508 2261
2144 -1358
-9125 -2083
7070 -3168
3306 -609
4636 5279
-8126 8485
8200 -446
-8738 -3682
-8987 2884
4172 -5091
-7628 -3668
-5482 7656
9034 -4933
8252 4702
-3365 -900
-4345 3049
-7432 -4355
-8598 3422
-3480 447
5664 8812
3025 -697
7990 4235
-6398 5685
-562 2931
7651 9674
6962 -5031
-4097 3548
-5653 -3101
4730 9720
2459 4420
224 1949
8003 -9348
2956 -4472
-2291 -2097
-2993 -4008
9840 -8101
5071 4723
5637 -3096
-7080 4006
-8367 5656
-7692 6989
4287 1253
8073 5488
3353 2800
-6255 -7099
6996 -2128
-3112 2761
5828 -5120
-9193 4638
-4148 3461
9058 -9415
-3878 -44
9907 -5342
4507 7364
6494 -7820
-3270 -3612
-9557 -1054
-5033 -6919
-3963 -2783
7180 -2777
7340 -7134
3290 -378
-7054 6982
6999 278
7452 -3334
9089 7927
-1913 -1558
-3475 5684
6450 2138
-2824 4061
4880 -9106
-2953 7457
2505 -2061
7168 -1561
5993 200
1424 4767
1123 -2034
3069 -567
-8648 -2912
-3661 5670
4231 1509
7017 9301
7746 6347
-9828 -1382
3695 -4678
-3398 -5131
-4019 -1362
7392 4113
-6771 5923
6140 4026
5156 9997
1218 3600
5607 3757
-8053 -74
1565 -1390
9748 919
770 9676
-6402 281
1304 4877
-8661 6457
244 7441
-708 6237
-9377 -6901
7804 -6793
5520 -8074
3420 4599
3150 1324
-9091 -9033
9599 -5872
3801 -4718
2282 5831
2352 6921
6417 -4928
7755 760
5911 8279
8016 -8786
3626 3775
8920 -5574
-9333 -8526
8425 1088
6460 -8372
-2677 -3638
4888 5877
-8374 1329
1697 -2667
-739 2627
-6803 4409
4618 5079
-7227 5811
-6872 -1715
910 3856
-3864 -704
-211 4228
7066 -4228
-1807 2171
6544 1372
-9047 -8180
-7304 4392
-9970 7591
6100 -5878
-4466 4894
4532 6462
2019 672
1533 700
-7938 -5328
-5029 -9191
9902 1960
7178 8095
9955 -4612
4115 3592
1443 3053
-8953 1978
7147 3855
4186 -4388
5104 3891
-7423 -1565
-8058 4625
4091 -6254
-536 3578
-6895 7174
-4685 5239
-1364 924
-4820 -2062
6668 -3118
-7963 527
-2658 8179
-3662 4065
7555 -989
4748 1811
9397 -8963
-5684 547
3206 8088
1090 831
2868 9756
9372 6458
-4081 6456
-2125 2173
8290 -4686
-6086 -5321
1636 5560
7553 8814
-1994 1794
-9076 -4162
-5661 -2354
5156 -3752
5886 -771
