422 843
843 844
841 844
840 844
837 844
842 843
838 842
839 841
836 840
835 839
830 838
833 837
834 836
830 835
830 834
832 833
830 832
829 830
828 830
827 830
823 830
826 829
824 828
821 827
825 826
816 825
822 824
819 823
816 822
820 821
816 820
818 819
816 818
815 816
814 816
813 816
809 816
812 815
811 814
810 813
808 812
807 811
806 810
804 809
802 808
802 807
802 806
803 804
802 803
801 802
800 802
797 802
791 802
799 801
798 800
795 799
794 798
796 797
793 796
788 795
788 794
788 793
790 791
789 790
788 789
787 788
786 788
782 788
781 788
785 787
784 786
783 785
780 784
774 783
779 782
778 781
774 780
777 779
776 778
774 777
774 776
773 774
771 774
770 774
768 774
772 773
767 772
769 771
766 770
765 769
763 768
760 767
764 766
760 765
760 764
762 763
760 762
759 760
757 760
756 760
752 760
758 759
753 758
755 757
754 756
751 755
750 754
746 753
748 752
746 751
746 750
747 748
746 747
745 746
744 746
742 746
739 746
743 745
741 744
738 743
740 742
736 741
735 740
734 739
732 738
732 736
732 735
733 734
732 733
731 732
729 732
724 732
723 732
730 731
728 730
726 729
718 728
725 726
718 725
722 724
720 723
721 722
718 721
719 720
718 719
717 718
716 718
714 718
711 718
715 717
713 716
712 715
708 714
710 713
704 712
707 711
704 710
706 708
705 707
704 706
704 705
703 704
701 704
699 704
694 704
702 703
698 702
700 701
695 700
696 699
690 698
693 696
690 695
692 694
690 693
691 692
690 691
689 690
687 690
684 690
682 690
688 689
686 688
685 687
676 686
681 685
683 684
680 683
679 682
676 681
676 680
678 679
676 678
675 676
674 676
673 676
667 676
672 675
671 674
668 673
670 672
669 671
662 670
662 669
666 668
665 667
662 666
664 665
662 664
661 662
660 662
659 662
654 662
658 661
657 660
653 659
656 658
652 657
648 656
650 654
651 653
648 652
648 651
649 650
648 649
647 648
646 648
643 648
641 648
645 647
644 646
640 645
638 644
642 643
637 642
639 641
634 640
635 639
634 638
634 637
634 635
633 634
632 634
630 634
627 634
631 633
628 632
629 631
626 630
620 629
625 628
623 627
624 626
620 625
620 624
622 623
620 622
619 620
617 620
614 620
611 620
618 619
615 618
616 617
612 616
606 615
613 614
609 613
606 612
610 611
607 610
606 609
606 607
605 606
603 606
600 606
599 606
604 605
602 604
598 603
592 602
597 600
595 599
596 598
594 597
592 596
593 595
592 594
592 593
591 592
590 592
589 592
586 592
588 591
587 590
584 589
585 588
582 587
583 586
578 585
581 584
580 583
578 582
578 581
578 580
577 578
575 578
573 578
570 578
576 577
572 576
574 575
569 574
571 573
564 572
568 571
566 570
564 569
564 568
565 566
564 565
563 564
560 564
559 564
554 564
562 563
561 562
550 561
558 560
555 559
557 558
550 557
553 555
552 554
550 553
551 552
550 551
549 550
547 550
546 550
541 550
548 549
543 548
545 547
544 546
542 545
539 544
536 543
536 542
540 541
538 540
536 539
536 538
535 536
533 536
531 536
529 536
534 535
530 534
532 533
526 532
528 531
522 530
527 529
525 528
524 527
522 526
522 525
522 524
521 522
519 522
518 522
516 522
520 521
517 520
515 519
514 518
508 517
510 516
513 515
511 514
508 513
508 511
509 510
508 509
507 508
506 508
502 508
500 508
505 507
501 506
504 505
494 504
499 502
497 501
498 500
496 499
495 498
494 497
494 496
494 495
493 494
489 494
488 494
486 494
492 493
491 492
480 491
487 489
484 488
485 487
483 486
480 485
482 484
481 483
480 482
480 481
479 480
478 480
475 480
472 480
477 479
476 478
473 477
470 476
474 475
469 474
466 473
471 472
468 471
466 470
466 469
466 468
465 466
464 466
463 466
457 466
462 465
460 464
458 463
461 462
452 461
459 460
452 459
455 458
456 457
454 456
452 455
452 454
451 452
449 452
447 452
445 452
450 451
448 450
446 449
438 448
443 447
444 446
440 445
438 444
442 443
438 442
439 440
438 439
437 438
436 438
433 438
430 438
435 437
434 436
431 435
429 434
432 433
426 432
424 431
427 430
424 429
425 427
424 426
424 425
421 424
420 424
416 424
419 421
417 420
418 419
415 418
414 417
413 416
407 415
411 414
412 413
409 412
404 411
403 409
406 407
405 406
401 405
402 404
400 403
399 402
393 401
398 400
397 399
395 398
390 397
386 395
392 393
391 392
387 391
389 390
388 389
382 388
379 387
385 386
383 385
381 383
377 382
373 381
378 379
375 378
376 377
374 376
369 375
368 374
372 373
370 372
367 370
365 369
363 368
361 367
364 365
360 364
362 363
357 362
358 361
359 360
351 359
355 358
356 357
350 356
353 355
345 353
349 351
347 350
348 349
346 348
344 347
337 346
343 345
341 344
342 343
339 342
336 341
331 339
335 337
333 336
334 335
330 334
332 333
326 332
329 331
323 330
327 329
325 327
321 326
315 325
322 323
320 322
319 321
317 320
318 319
312 318
309 317
314 315
313 314
311 313
308 312
305 311
307 309
304 308
302 307
303 305
300 304
299 303
301 302
295 301
298 300
297 299
293 298
290 297
294 295
292 294
291 293
289 292
286 291
287 290
281 289
284 287
285 286
280 285
283 284
275 283
279 281
278 280
277 279
274 278
272 277
273 275
270 274
271 273
267 272
269 271
266 270
264 269
265 267
263 266
262 265
259 264
261 263
260 262
257 261
253 260
258 259
255 258
250 257
248 255
252 253
251 252
245 251
249 250
246 249
247 248
244 247
243 246
239 245
241 244
236 243
233 241
238 239
237 238
232 237
235 236
231 235
230 233
225 232
228 231
229 230
227 229
223 228
218 227
224 225
221 224
222 223
220 222
219 221
217 220
211 219
216 218
209 217
214 216
213 214
207 213
210 211
208 210
206 209
205 208
203 207
204 206
197 205
201 204
202 203
199 202
196 201
193 199
195 197
194 196
192 195
191 194
190 193
189 192
188 191
186 190
183 189
182 188
185 186
179 185
181 183
176 182
178 181
174 179
177 178
169 177
175 176
173 175
172 174
166 173
171 172
163 171
168 169
167 168
164 167
165 166
162 165
155 164
160 163
161 162
154 161
159 160
157 159
150 157
153 155
152 154
151 153
149 152
148 151
147 150
144 149
141 148
145 147
143 145
140 144
139 143
138 141
136 140
134 139
137 138
132 137
133 136
131 134
130 133
127 132
129 131
126 130
121 129
125 127
123 126
124 125
119 124
122 123
118 122
120 121
117 120
113 119
112 118
115 117
108 115
111 113
110 112
109 111
106 110
107 109
104 108
99 107
105 106
98 105
103 104
101 103
95 101
97 99
93 98
96 97
94 96
90 95
85 94
92 93
88 92
89 90
87 89
83 88
81 87
84 85
80 84
79 83
75 81
78 80
77 79
71 78
76 77
70 76
74 75
73 74
68 73
67 71
65 70
63 68
66 67
64 66
62 65
57 64
60 63
61 62
55 61
59 60
51 59
56 57
53 56
54 55
52 54
50 53
49 52
48 51
43 50
40 49
47 48
45 47
39 45
42 43
41 42
35 41
38 40
37 39
36 38
33 37
34 36
29 35
28 34
31 33
26 31
27 29
24 28
25 27
22 26
23 25
21 24
15 23
19 22
18 21
17 19
13 18
9 17
14 15
11 14
12 13
10 12
8 11
5 10
6 9
1 8
4 6
1 5
3 4
1 3
