500 178
1 2
1 502
2 3
2 503
502 503
3 4
3 504
503 504
4 5
4 505
504 505
5 6
5 506
505 506
6 7
6 507
506 507
7 8
7 508
507 508
8 9
8 509
508 509
9 10
9 510
509 510
10 11
10 511
510 511
11 12
11 512
511 512
12 13
12 513
512 513
13 14
13 514
513 514
14 15
14 515
514 515
15 16
15 516
515 516
16 17
16 517
516 517
17 18
17 518
517 518
18 19
18 519
518 519
19 20
19 520
519 520
20 21
20 521
520 521
21 22
21 522
521 522
22 23
22 523
522 523
23 24
23 524
523 524
24 25
24 525
524 525
25 26
25 526
525 526
26 27
26 527
526 527
27 28
27 528
527 528
28 29
28 529
528 529
29 30
29 530
529 530
30 31
30 531
530 531
31 32
31 532
531 532
32 33
32 533
532 533
33 34
33 534
533 534
34 35
34 535
534 535
35 36
35 536
535 536
36 37
36 537
536 537
37 38
37 538
537 538
38 39
38 539
538 539
39 40
39 540
539 540
40 41
40 541
540 541
41 42
41 542
541 542
42 43
42 543
542 543
43 44
43 544
543 544
44 45
44 545
544 545
45 46
45 546
545 546
46 47
46 547
546 547
47 48
47 548
547 548
48 49
48 549
548 549
49 50
49 550
549 550
50 51
50 551
550 551
51 52
51 552
551 552
52 53
52 553
552 553
53 54
53 554
553 554
54 55
54 555
554 555
55 56
55 556
555 556
56 57
56 557
556 557
57 58
57 558
557 558
58 59
58 559
558 559
59 60
59 560
559 560
60 1000
560 1000
