342 724
683 684
682 684
680 684
676 684
681 683
678 682
679 681
675 680
677 679
674 678
667 677
673 676
672 675
671 674
670 673
669 672
667 671
668 670
667 669
667 668
666 667
665 667
660 667
657 667
664 666
662 665
663 664
658 663
661 662
653 661
659 660
655 659
650 658
656 657
654 656
652 655
651 654
650 653
650 652
650 651
649 650
648 650
643 650
639 650
647 649
645 648
646 647
641 646
644 645
638 644
642 643
640 642
633 641
635 640
637 639
633 638
636 637
634 636
633 635
633 634
632 633
629 633
628 633
627 633
631 632
630 631
625 630
626 629
624 628
621 627
623 626
616 625
622 624
619 623
618 622
620 621
617 620
616 619
616 618
616 617
615 616
614 616
612 616
611 616
613 615
610 614
609 613
607 612
605 611
608 610
603 609
602 608
606 607
601 606
604 605
600 604
599 603
599 602
599 601
599 600
598 599
595 599
593 599
587 599
597 598
596 597
591 596
594 595
592 594
590 593
588 592
582 591
589 590
585 589
582 588
586 587
584 586
582 585
583 584
582 583
581 582
578 582
576 582
572 582
580 581
579 580
574 579
577 578
573 577
575 576
570 575
565 574
569 573
571 572
567 571
568 570
565 569
565 568
566 567
565 566
564 565
563 565
562 565
559 565
561 564
560 563
557 562
558 561
555 560
552 559
556 558
553 557
548 556
554 555
548 554
550 553
551 552
549 551
548 550
548 549
547 548
546 548
544 548
539 548
545 547
542 546
543 545
541 544
538 543
540 542
537 541
535 540
536 539
531 538
533 537
534 536
531 535
532 534
531 533
531 532
530 531
529 531
527 531
523 531
528 530
525 529
526 528
524 527
522 526
521 525
519 524
520 523
514 522
517 521
518 520
516 519
515 518
514 517
514 516
514 515
513 514
512 514
508 514
507 514
511 513
510 512
509 511
504 510
503 509
506 508
505 507
502 506
500 505
501 504
497 503
499 502
497 501
498 500
497 499
497 498
496 497
493 497
491 497
490 497
495 496
494 495
492 494
489 493
480 492
487 491
484 490
488 489
485 488
486 487
482 486
480 485
483 484
481 483
480 482
480 481
479 480
476 480
475 480
468 480
478 479
477 478
473 477
474 476
472 475
471 474
463 473
470 472
469 471
466 470
463 469
467 468
465 467
463 466
464 465
463 464
462 463
461 463
458 463
454 463
460 462
457 461
459 460
456 459
455 458
453 457
446 456
452 455
451 454
449 453
448 452
450 451
447 450
446 449
446 448
446 447
445 446
444 446
442 446
437 446
443 445
441 444
440 443
436 442
438 441
439 440
429 439
435 438
433 437
434 436
429 435
431 434
432 433
430 432
429 431
429 430
428 429
427 429
425 429
420 429
426 428
424 427
423 426
421 425
422 424
419 423
418 422
417 421
416 420
412 419
412 418
414 417
415 416
413 415
412 414
412 413
411 412
410 412
407 412
406 412
409 411
408 410
404 409
402 408
405 407
400 406
401 405
403 404
395 403
399 402
398 401
397 400
395 399
395 398
396 397
395 396
394 395
392 395
390 395
388 395
393 394
387 393
391 392
384 391
389 390
383 389
385 388
386 387
378 386
382 385
381 384
380 383
379 382
378 381
378 380
378 379
377 378
373 378
372 378
365 378
376 377
375 376
374 375
361 374
371 373
368 372
370 371
369 370
361 369
367 368
366 367
361 366
364 365
363 364
362 363
361 362
360 361
357 361
353 361
350 361
359 360
358 359
354 358
356 357
355 356
352 355
344 354
351 353
344 352
349 351
347 350
348 349
344 348
346 347
345 346
344 345
341 344
339 344
337 344
335 344
340 341
338 340
336 339
334 338
332 337
333 336
329 335
324 334
331 333
330 332
322 331
328 330
327 329
321 328
326 327
316 326
323 324
318 323
320 322
319 321
317 320
313 319
315 318
314 317
311 316
307 315
305 314
312 313
304 312
310 311
309 310
299 309
306 307
301 306
303 305
302 304
300 303
298 302
297 301
295 300
296 299
294 298
290 297
293 296
289 295
288 294
292 293
283 292
287 290
284 289
281 288
286 287
285 286
273 285
282 284
277 283
279 282
280 281
278 280
271 279
267 278
276 277
275 276
261 275
272 273
270 272
268 271
269 270
256 269
265 268
266 267
264 266
263 265
262 264
255 263
254 262
260 261
259 260
258 259
249 258
253 256
252 255
250 254
251 253
248 252
245 251
247 250
246 249
244 248
242 247
243 246
239 245
238 244
241 243
237 242
232 241
236 239
235 238
231 237
234 236
233 235
230 234
229 233
227 232
228 231
222 230
219 229
225 228
226 227
224 226
216 225
214 224
221 222
220 221
217 220
218 219
215 218
205 217
213 216
210 215
212 214
211 213
208 212
209 211
203 210
201 209
207 208
196 207
204 205
202 204
200 203
197 202
198 201
199 200
194 199
195 198
188 197
193 196
192 195
186 194
191 193
184 192
190 191
180 190
187 188
185 187
183 186
181 185
179 184
182 183
178 182
171 181
175 180
177 179
169 178
176 177
167 176
174 175
173 174
161 173
170 171
166 170
168 169
164 168
162 167
165 166
154 165
163 164
153 163
160 162
159 161
158 160
157 159
152 158
156 157
150 156
151 154
147 153
146 152
149 151
143 150
148 149
137 148
145 147
144 146
142 145
141 144
140 143
136 142
135 141
139 140
131 139
134 137
132 136
129 135
133 134
126 133
130 132
127 131
125 130
128 129
123 128
124 127
120 126
118 125
122 124
117 123
114 122
119 120
116 119
115 118
111 117
112 116
113 115
107 114
109 113
103 112
110 111
108 110
101 109
98 108
106 107
105 106
97 105
102 103
100 102
99 101
95 100
94 99
96 98
93 97
92 96
86 95
91 94
89 93
90 92
84 91
81 90
88 89
77 88
85 86
83 85
82 84
78 83
79 82
80 81
75 80
74 79
69 78
76 77
72 76
73 75
67 74
62 73
71 72
61 71
68 69
65 68
66 67
63 66
64 65
52 64
58 63
60 62
57 61
59 60
55 59
51 58
56 57
54 56
45 55
44 54
50 52
49 51
48 50
47 49
46 48
43 47
35 46
42 45
39 44
34 43
41 42
40 41
33 40
38 39
37 38
32 37
31 35
29 34
28 33
27 32
30 31
23 30
26 29
25 28
24 27
22 26
21 25
20 24
18 23
17 22
16 21
12 20
15 18
14 17
13 16
11 15
9 14
7 13
10 12
8 11
6 10
5 9
1 8
4 7
3 6
1 5
1 4
1 3
