342 724
1 2
1 4
1 7
1 10
2 3
3 6
6 12
4 5
5 8
8 13
7 9
9 11
11 15
10 14
14 16
16 17
12 18
13 18
15 18
17 18
18 19
18 20
18 22
18 24
19 21
21 25
25 26
20 23
23 29
29 31
22 27
27 30
30 32
24 28
28 33
33 34
26 35
31 35
32 35
34 35
35 36
35 37
35 39
35 45
36 38
38 41
41 43
37 40
40 42
42 48
39 44
44 46
46 49
45 47
47 50
50 51
43 52
48 52
49 52
51 52
52 53
52 55
52 56
52 60
53 54
54 58
58 62
55 57
57 59
59 63
56 61
61 64
64 65
60 66
66 67
67 68
62 69
63 69
65 69
68 69
69 70
69 72
69 73
69 74
70 71
71 75
75 77
72 76
76 78
78 81
73 79
79 82
82 83
74 80
80 84
84 85
77 86
81 86
83 86
85 86
86 87
86 90
86 91
86 94
87 88
88 89
89 96
90 92
92 95
95 97
91 93
93 99
99 100
94 98
98 101
101 102
96 103
97 103
100 103
102 103
103 104
103 107
103 109
103 115
104 105
105 106
106 110
107 108
108 112
112 113
109 111
111 114
114 117
115 116
116 118
118 119
110 120
113 120
117 120
119 120
120 121
120 122
120 124
120 127
121 123
123 125
125 133
122 126
126 129
129 134
124 128
128 130
130 135
127 131
131 132
132 136
133 137
134 137
135 137
136 137
137 138
137 140
137 143
137 144
138 139
139 142
142 148
140 141
141 145
145 150
143 146
146 147
147 152
144 149
149 151
151 153
148 154
150 154
152 154
153 154
154 155
154 158
154 159
154 160
155 156
156 157
157 164
158 161
161 162
162 166
159 163
163 165
165 167
160 168
168 169
169 170
164 171
166 171
167 171
170 171
171 172
171 173
171 174
171 181
172 175
175 178
178 180
173 176
176 179
179 183
174 177
177 184
184 186
181 182
182 185
185 187
180 188
183 188
186 188
187 188
188 189
188 191
188 193
188 199
189 190
190 192
192 197
191 194
194 195
195 200
193 196
196 198
198 201
199 202
202 203
203 204
197 205
200 205
201 205
204 205
205 206
205 207
205 208
205 212
206 209
209 210
210 214
207 211
211 216
216 218
208 213
213 217
217 219
212 215
215 220
220 221
214 222
218 222
219 222
221 222
222 223
222 224
222 226
222 227
223 225
225 228
228 230
224 229
229 232
232 233
226 231
231 234
234 235
227 236
236 237
237 238
230 239
233 239
235 239
238 239
239 240
239 241
239 242
239 249
240 243
243 244
244 250
241 245
245 246
246 252
242 247
247 248
248 254
249 251
251 253
253 255
250 256
252 256
254 256
255 256
256 257
256 260
256 265
256 268
257 258
258 259
259 262
260 261
261 263
263 264
265 266
266 267
267 270
268 269
269 271
271 272
262 273
264 273
270 273
272 273
273 274
273 276
273 279
273 282
274 275
275 278
278 281
276 277
277 283
283 285
279 280
280 284
284 286
282 287
287 288
288 289
281 290
285 290
286 290
289 290
290 291
290 293
290 295
290 297
291 292
292 296
296 302
293 294
294 299
299 303
295 298
298 301
301 304
297 300
300 305
305 306
302 307
303 307
304 307
306 307
307 308
307 309
307 315
307 316
308 310
310 312
312 313
309 311
311 314
314 319
315 317
317 320
320 322
316 318
318 321
321 323
313 324
319 324
322 324
323 324
324 325
324 326
324 330
324 334
325 327
327 328
328 331
326 329
329 333
333 337
330 332
332 336
336 338
334 335
335 339
339 340
331 341
337 341
338 341
340 341
341 344
341 345
341 348
341 354
344 346
346 349
349 352
345 347
347 351
351 356
348 350
350 353
353 358
354 355
355 357
357 359
361 362
362 364
364 366
363 365
365 369
369 370
367 371
371 372
372 375
368 373
373 374
374 376
352 361
356 363
358 367
359 368
378 379
379 381
381 387
380 382
382 386
386 389
383 384
384 388
388 392
385 390
390 391
391 393
366 378
370 380
375 383
376 385
395 397
397 398
398 402
396 399
399 403
403 408
400 401
401 406
406 409
404 405
405 407
407 410
387 395
389 396
392 400
393 404
412 414
414 415
415 416
413 418
418 421
421 422
417 420
420 424
424 426
419 423
423 425
425 427
402 412
408 413
409 417
410 419
429 432
432 433
433 436
430 434
434 435
435 440
431 437
437 441
441 443
438 439
439 442
442 444
416 429
422 430
426 431
427 438
446 449
449 451
451 457
447 450
450 453
453 458
448 454
454 456
456 460
452 455
455 459
459 461
436 446
440 447
443 448
444 452
463 464
464 466
466 469
465 468
468 470
470 473
467 471
471 472
472 474
475 476
476 477
477 478
457 463
458 465
460 467
461 475
480 482
482 485
485 486
481 483
483 488
488 491
484 487
487 489
489 493
490 492
492 494
494 495
469 480
473 481
474 484
478 490
497 500
500 501
501 502
498 503
503 505
505 510
499 504
504 507
507 511
506 508
508 509
509 512
486 497
491 498
493 499
495 506
514 515
515 516
516 523
517 518
518 519
519 524
520 521
521 526
526 527
522 525
525 528
528 529
502 514
510 517
511 520
512 522
531 533
533 535
535 541
532 536
536 538
538 544
534 537
537 540
540 545
539 542
542 543
543 546
523 531
524 532
527 534
529 539
548 549
549 550
550 554
551 553
553 555
555 557
552 558
558 559
559 562
556 560
560 561
561 563
541 548
544 551
545 552
546 556
565 566
566 568
568 569
567 571
571 573
573 578
570 574
574 576
576 579
572 575
575 577
577 580
554 565
557 567
562 570
563 572
582 583
583 584
584 591
585 587
587 589
589 593
586 588
588 590
590 595
592 594
594 596
596 597
569 582
578 585
579 586
580 592
599 602
602 607
607 610
600 603
603 608
608 611
601 605
605 609
609 613
604 606
606 612
612 614
591 599
593 600
595 601
597 604
616 618
618 621
621 624
617 619
619 622
622 629
620 625
625 626
626 630
623 627
627 628
628 631
610 616
611 617
613 620
614 623
633 635
635 637
637 639
634 636
636 640
640 642
638 641
641 643
643 647
644 645
645 646
646 648
624 633
629 634
630 638
631 644
650 651
651 657
657 658
652 653
653 659
659 660
654 656
656 662
662 663
655 661
661 664
664 665
639 650
642 652
647 654
648 655
667 668
668 672
672 676
669 671
671 674
674 677
670 675
675 678
678 681
673 679
679 680
680 682
658 667
660 669
663 670
665 673
676 684
677 684
681 684
682 684
