250 249
1 2
2 7
7 8
8 12
12 13
13 15
15 19
19 21
21 22
22 24
24 25
25 30
30 32
32 33
33 34
34 35
35 37
37 39
39 40
40 41
41 43
43 45
45 46
46 48
48 52
52 58
58 62
62 63
63 65
65 66
66 67
67 68
68 70
70 75
75 76
76 78
78 79
79 80
80 81
81 83
83 84
84 85
85 86
86 87
87 89
89 90
90 91
91 92
92 94
94 95
95 96
96 97
97 99
99 104
104 105
105 106
106 107
107 109
109 111
111 114
114 115
115 117
117 118
118 119
119 123
123 124
124 127
127 129
129 130
130 131
131 132
132 137
137 140
140 150
150 153
153 160
160 163
163 165
165 166
166 168
168 170
170 171
171 173
173 174
174 175
175 176
176 179
179 182
182 183
183 185
185 186
186 187
187 190
190 192
192 194
194 195
195 198
198 200
200 202
202 203
203 205
205 208
208 209
209 210
210 211
211 213
213 214
214 215
215 218
218 220
220 221
221 222
222 223
223 226
226 228
228 229
229 230
230 231
231 232
232 233
233 235
235 236
236 242
242 244
244 246
246 249
249 253
253 254
254 255
255 256
256 259
259 260
260 261
261 264
264 266
266 267
267 268
268 270
270 273
273 276
276 277
277 278
278 279
279 281
281 286
286 288
288 292
292 294
294 297
297 299
299 300
300 301
301 303
303 304
304 305
305 306
306 307
307 309
309 310
310 311
311 314
314 319
319 321
321 322
322 323
323 324
324 327
327 332
332 338
338 343
343 348
348 350
350 351
351 352
352 353
353 358
358 360
360 362
362 363
363 366
366 370
370 371
371 372
372 375
375 376
376 378
378 383
383 384
384 385
385 386
386 388
388 389
389 391
391 392
392 393
393 394
394 395
395 396
396 397
397 398
398 399
399 401
401 402
402 404
404 405
405 406
406 407
407 408
408 409
409 411
411 412
412 414
414 417
417 419
419 422
422 427
427 428
428 430
430 431
431 434
434 438
438 439
439 441
441 443
443 446
446 447
447 449
449 451
451 454
454 456
456 457
457 462
462 466
466 467
467 469
469 474
474 475
475 477
477 484
484 487
487 488
488 489
489 490
490 491
491 493
493 495
495 497
497 498
498 500
