40 180
14 62
10 68
72 73
59 61
43 52
19 60
23 52
57 75
18 25
78 79
42 69
52 63
3 47
77 80
22 72
4 66
37 40
70 79
12 28
51 55
54 69
54 79
16 38
72 74
37 78
9 47
32 80
44 47
75 76
5 40
12 20
21 38
56 75
71 78
39 71
11 40
36 50
42 73
25 30
64 80
48 80
61 74
36 78
79 80
51 52
52 80
27 67
32 63
11 29
34 73
25 74
26 59
74 80
56 65
18 42
15 50
73 77
6 44
12 23
61 76
26 56
51 53
7 69
40 64
44 66
11 68
48 74
57 59
45 79
41 64
52 71
53 70
49 60
50 57
12 54
44 58
50 70
16 76
54 55
7 18
55 78
61 75
78 80
30 43
8 59
35 66
15 67
28 38
61 64
9 38
16 64
9 51
21 22
42 44
20 68
30 80
60 68
58 76
75 79
47 53
36 74
58 72
17 63
73 75
45 47
76 77
20 46
3 32
1 55
20 79
64 69
61 63
13 70
67 75
31 74
14 21
75 80
71 72
58 77
69 76
3 4
65 67
74 75
7 45
54 64
76 78
26 48
37 42
54 63
2 46
49 58
12 46
63 72
3 27
47 79
24 48
10 25
18 45
28 30
18 62
1 24
55 73
71 76
31 34
26 71
9 68
1 78
36 70
3 16
44 68
47 48
51 74
18 69
20 48
22 28
69 74
6 66
26 41
31 79
19 57
40 62
5 34
69 73
10 58
40 69
61 78
11 80
9 19
35 78
11 47
15 28
10 77
62 72
65 71
40 60
38 70
22 50
18 32
6 36
24 44
