250 250
1 3
3 6
6 7
7 10
10 16
16 21
21 25
25 26
26 27
27 28
28 32
32 37
37 38
38 39
39 40
40 41
41 42
42 43
43 52
52 53
53 54
54 57
57 58
58 59
59 60
60 63
63 67
67 68
68 69
69 70
70 73
73 74
74 76
76 77
77 79
79 81
81 82
82 83
83 87
87 88
88 90
90 91
91 92
92 96
96 98
98 99
99 101
101 106
106 107
107 110
110 111
111 112
112 113
113 118
118 120
120 121
121 124
124 127
127 130
130 131
131 135
135 136
136 139
139 142
142 144
144 145
145 148
148 149
149 150
150 151
151 152
152 155
155 157
157 159
159 161
161 162
162 165
165 170
170 172
172 174
174 175
175 176
176 178
178 179
179 180
180 181
181 183
183 186
186 188
188 189
189 190
190 191
191 192
192 194
194 196
196 198
198 199
199 202
202 203
203 204
204 208
208 212
212 217
217 218
218 225
225 226
226 229
229 230
230 232
232 233
233 234
234 236
236 238
238 239
239 240
240 242
242 243
243 246
246 248
248 252
252 254
254 255
255 258
258 259
259 261
261 262
262 263
263 264
264 265
265 267
267 268
268 269
269 270
270 272
272 273
273 274
274 279
279 280
280 281
281 283
283 284
284 285
285 286
286 294
294 295
295 296
296 297
297 298
298 299
299 300
300 301
301 305
305 306
306 311
311 312
312 314
314 315
315 316
316 321
321 322
322 325
325 328
328 330
330 334
334 335
335 336
336 339
339 343
343 344
344 345
345 347
347 350
350 352
352 353
353 354
354 355
355 358
358 359
359 364
364 365
365 366
366 367
367 369
369 370
370 372
372 373
373 375
375 376
376 378
378 379
379 382
382 383
383 384
384 387
387 388
388 390
390 391
391 393
393 396
396 397
397 403
403 404
404 406
406 408
408 410
410 413
413 414
414 416
416 417
417 418
418 419
419 421
421 423
423 427
427 432
432 434
434 435
435 437
437 443
443 445
445 447
447 450
450 451
451 455
455 456
456 457
457 459
459 460
460 461
461 463
463 464
464 465
465 466
466 469
469 470
470 471
471 472
472 473
473 474
474 477
477 478
478 481
481 485
485 487
487 491
491 494
494 495
495 497
497 499
499 500
