33 558
1 2
35 36
2 3
36 37
3 4
37 38
4 5
38 39
5 6
39 40
6 7
40 41
7 8
41 42
8 9
42 43
9 10
43 44
10 11
44 45
11 12
45 46
12 13
46 47
13 14
47 48
14 15
48 49
15 16
49 50
16 17
50 51
17 18
51 52
18 19
52 53
19 20
53 54
20 21
54 55
21 22
55 56
22 23
56 57
23 24
57 58
24 25
58 59
25 26
59 60
26 27
60 61
27 28
61 62
28 29
62 63
29 30
63 64
30 31
64 65
31 32
65 66
23 56
11 42
28 51
21 53
32 38
21 46
29 51
22 53
14 40
23 43
32 60
23 36
25 56
20 51
11 37
25 37
27 44
13 43
22 51
13 44
25 40
25 58
27 38
29 59
24 42
23 42
10 36
29 60
28 35
23 52
16 46
28 41
32 36
30 59
17 38
29 47
19 46
29 49
12 45
27 42
27 48
28 47
26 49
22 47
21 36
5 36
12 39
20 41
25 49
24 50
13 40
10 40
28 59
30 54
31 50
18 40
31 36
9 42
28 57
12 36
17 40
31 41
17 49
29 53
12 37
28 56
14 39
14 45
28 39
9 40
23 55
32 40
28 36
24 41
13 42
7 39
8 35
7 35
13 41
18 44
13 36
29 36
23 51
24 51
23 44
29 54
17 35
29 56
27 36
16 41
31 48
15 42
11 38
22 54
18 38
26 42
20 46
26 59
7 36
15 36
27 58
31 64
18 36
8 40
31 58
26 44
26 55
27 49
24 43
26 53
30 52
16 35
29 41
28 50
23 47
17 47
17 37
25 48
8 39
16 45
17 44
15 44
21 42
22 49
30 41
15 46
18 37
6 38
16 49
31 55
26 43
22 40
19 38
25 44
25 57
16 43
5 38
31 62
31 40
26 54
10 35
21 49
24 38
31 63
22 41
32 51
16 48
23 53
29 50
15 35
28 45
22 50
25 41
21 39
18 47
21 45
19 42
22 48
18 45
23 38
30 58
30 42
20 53
28 48
31 57
25 35
17 41
24 56
27 50
28 58
19 47
26 40
17 36
31 47
26 56
4 35
16 39
27 45
29 38
25 51
15 48
32 58
9 36
31 61
18 41
30 57
9 38
30 43
16 47
26 48
27 47
27 51
27 37
5 37
31 38
23 37
8 38
24 35
32 64
31 39
18 39
21 43
28 53
23 50
10 37
21 48
18 43
22 38
28 54
30 50
28 43
32 45
19 41
32 39
23 39
25 38
31 37
23 45
15 47
32 53
25 53
21 47
31 35
27 41
9 41
24 44
16 38
32 55
24 53
14 35
30 37
15 40
16 36
19 52
5 35
25 55
31 43
32 48
27 56
14 41
21 35
32 61
27 46
15 38
29 39
32 44
22 55
30 35
26 39
22 46
32 63
25 43
24 52
11 41
24 49
20 49
31 42
31 49
19 40
32 52
23 41
32 56
24 36
32 42
24 45
11 43
27 54
30 55
24 54
24 39
13 38
32 65
32 57
26 41
14 43
12 40
31 46
31 51
12 42
22 44
13 46
27 52
24 46
27 57
27 39
11 35
12 44
29 57
29 52
18 51
31 52
10 41
32 41
26 45
21 44
26 46
13 37
26 38
27 40
14 37
6 35
3 36
11 40
12 35
15 41
30 46
27 60
19 51
21 37
17 48
21 52
19 50
25 54
12 41
14 44
30 53
21 40
6 37
32 35
30 60
21 41
29 45
22 52
20 42
30 40
20 44
22 35
30 44
31 53
20 47
29 46
20 50
10 38
20 37
30 39
20 40
29 61
8 41
9 39
25 50
22 36
24 55
30 63
9 37
29 35
28 52
27 35
27 59
14 36
28 55
17 45
30 56
13 39
30 51
8 37
19 37
20 43
30 48
19 36
26 37
31 56
29 62
20 38
20 48
22 42
16 44
20 52
27 55
28 42
14 46
32 43
32 46
14 42
7 37
32 59
27 43
17 42
25 52
26 47
21 54
19 45
29 55
23 35
15 45
19 49
25 46
26 50
20 45
23 46
24 37
25 36
24 47
10 39
32 62
15 39
18 50
12 43
31 59
31 54
32 50
26 58
31 60
32 47
22 39
18 35
29 42
29 48
19 44
28 49
30 47
23 40
22 45
31 44
24 40
24 48
26 57
25 42
22 43
20 36
10 43
30 61
4 37
25 47
15 37
31 45
16 37
6 36
26 35
29 37
20 39
9 35
29 44
29 40
15 43
32 54
19 48
11 39
30 38
19 35
11 44
13 35
19 43
13 45
28 61
21 38
7 40
23 49
28 44
30 45
23 48
21 50
14 38
18 42
7 38
32 37
18 48
26 52
4 36
18 46
28 60
29 43
30 49
28 40
28 46
11 36
30 62
21 51
6 39
3 35
17 50
27 53
24 57
23 54
26 51
26 36
18 49
16 42
20 35
16 40
14 47
28 38
19 39
8 36
32 49
25 39
25 45
17 43
30 36
17 39
2 35
28 37
17 46
10 42
22 37
29 58
12 38
