44 87
1 2
1 3
1 5
1 10
2 4
4 9
3 6
6 11
5 8
8 12
10 13
13 14
9 15
11 15
12 15
14 15
15 16
15 17
15 20
15 21
16 18
18 22
17 23
23 25
20 24
24 26
21 27
27 28
22 29
25 29
26 29
28 29
29 30
29 31
29 33
29 34
30 32
32 36
31 35
35 40
33 37
37 41
34 39
39 42
36 43
40 43
41 43
42 43
43 46
43 48
43 53
46 47
47 49
49 54
48 51
51 52
52 57
53 55
55 56
56 58
60 61
61 64
64 65
63 67
67 68
68 71
66 69
69 70
70 72
54 60
57 63
58 66
74 75
75 77
77 78
76 79
79 82
82 83
80 84
84 85
85 86
65 74
71 76
72 80
78 88
83 88
86 88
