66 130
1 2
1 3
1 4
1 6
1 8
2 5
3 7
4 9
6 10
8 11
5 12
7 12
9 12
10 12
11 12
12 13
12 15
12 17
12 19
12 21
13 14
15 16
17 18
19 20
21 22
14 23
16 23
18 23
20 23
22 23
23 24
23 26
23 27
23 29
23 30
23 31
23 35
24 25
26 28
27 32
29 33
30 34
31 36
35 37
25 38
28 38
32 38
33 38
34 38
36 38
37 38
38 39
38 41
38 42
38 43
38 44
38 46
38 48
38 49
38 51
38 53
38 55
38 58
38 63
39 40
41 45
42 47
43 50
44 52
46 54
48 56
49 57
51 59
53 60
55 61
58 62
63 64
40 65
45 65
47 65
50 65
52 65
54 65
56 65
57 65
59 65
60 65
61 65
62 65
64 65
65 68
65 75
68 69
69 70
70 72
72 74
75 77
79 81
81 83
83 85
85 87
82 88
74 79
77 82
90 92
92 93
93 95
95 96
96 97
97 101
98 103
87 90
88 98
105 107
107 108
108 109
109 110
110 112
112 114
114 115
115 117
117 119
119 121
121 124
124 129
111 113
101 105
103 111
129 132
113 132
