364 781
1 2
1 4
1 9
1 10
1 11
1 13
2 3
3 6
6 14
14 17
4 7
7 8
8 21
21 24
9 12
12 15
15 23
23 27
10 16
16 20
20 25
25 28
11 18
18 22
22 26
26 30
13 19
19 29
29 31
31 32
17 33
24 33
27 33
28 33
30 33
32 33
33 35
33 37
33 38
33 42
33 50
33 51
35 36
36 41
41 43
43 44
37 40
40 47
47 49
49 54
38 45
45 48
48 53
53 58
42 46
46 55
55 56
56 60
50 52
52 59
59 62
62 64
51 57
57 61
61 63
63 65
44 66
54 66
58 66
60 66
64 66
65 66
66 68
66 69
66 73
66 74
66 75
66 86
68 70
70 72
72 77
77 83
69 71
71 79
79 80
80 89
73 76
76 81
81 84
84 93
74 78
78 82
82 85
85 94
75 88
88 90
90 91
91 96
86 92
92 95
95 97
97 98
83 99
89 99
93 99
94 99
96 99
98 99
99 101
99 103
99 108
99 114
99 115
99 118
101 104
104 106
106 107
107 109
103 105
105 111
111 113
113 120
108 110
110 112
112 116
116 126
114 117
117 119
119 123
123 127
115 121
121 122
122 125
125 128
118 124
124 129
129 130
130 131
109 132
120 132
126 132
127 132
128 132
131 132
132 134
132 135
132 138
132 140
132 143
132 151
134 137
137 139
139 145
145 148
135 141
141 142
142 150
150 154
138 144
144 146
146 152
152 155
140 147
147 149
149 157
157 158
143 153
153 156
156 159
159 163
151 160
160 161
161 162
162 164
148 165
154 165
155 165
158 165
163 165
164 165
165 167
165 169
165 173
165 176
165 180
165 192
167 168
168 172
172 174
174 184
169 171
171 177
177 181
181 186
173 175
175 178
178 187
187 188
176 179
179 182
182 189
189 191
180 183
183 185
185 190
190 194
192 193
193 195
195 196
196 197
184 198
186 198
188 198
191 198
194 198
197 198
198 200
198 201
198 203
198 204
198 206
198 210
200 202
202 208
208 209
209 214
201 205
205 211
211 215
215 219
203 212
212 213
213 216
216 223
204 217
217 218
218 224
224 227
206 220
220 221
221 226
226 229
210 222
222 225
225 228
228 230
214 231
219 231
223 231
227 231
229 231
230 231
231 233
231 236
231 240
231 242
231 245
231 247
233 234
234 235
235 249
249 254
236 238
238 239
239 251
251 255
240 241
241 244
244 252
252 258
242 243
243 250
250 256
256 260
245 246
246 253
253 259
259 262
247 248
248 257
257 261
261 263
254 264
255 264
258 264
260 264
262 264
263 264
264 266
264 267
264 273
264 277
264 280
264 288
266 269
269 270
270 275
275 278
267 271
271 272
272 276
276 286
273 274
274 281
281 284
284 291
277 279
279 282
282 285
285 292
280 283
283 287
287 290
290 294
288 289
289 293
293 295
295 296
278 297
286 297
291 297
292 297
294 297
296 297
297 299
297 302
297 304
297 306
297 307
297 321
299 300
300 301
301 309
309 312
302 305
305 310
310 313
313 317
304 308
308 314
314 318
318 319
306 311
311 316
316 320
320 323
307 315
315 322
322 324
324 326
321 325
325 327
327 328
328 329
312 330
317 330
319 330
323 330
326 330
329 330
330 332
330 333
330 338
330 339
330 341
330 350
332 335
335 336
336 340
340 348
333 337
337 344
344 345
345 352
338 342
342 347
347 351
351 354
339 343
343 349
349 356
356 357
341 346
346 353
353 358
358 359
350 355
355 360
360 361
361 362
348 363
352 363
354 363
357 363
359 363
362 363
363 366
363 367
363 370
363 378
363 381
366 369
369 373
373 374
374 375
375 377
367 371
371 376
376 380
380 382
382 383
370 372
372 379
379 384
384 386
386 393
378 385
385 387
387 389
389 390
390 395
381 388
388 391
391 392
392 394
394 396
377 398
383 398
393 398
395 398
396 398
398 399
398 400
398 405
398 407
398 408
399 401
401 403
403 406
406 414
414 415
400 404
404 409
409 410
410 416
416 421
405 411
411 412
412 419
419 423
423 425
407 413
413 417
417 420
420 426
426 427
408 418
418 422
422 424
424 428
428 429
415 431
421 431
425 431
427 431
429 431
431 432
431 434
431 436
431 441
431 447
432 433
433 437
437 438
438 439
439 451
434 435
435 440
440 442
442 452
452 456
436 443
443 445
445 446
446 454
454 459
441 444
444 448
448 449
449 455
455 461
447 453
453 457
457 458
458 460
460 462
451 464
456 464
459 464
461 464
462 464
464 466
464 468
464 470
464 471
464 473
466 467
467 472
472 478
478 479
479 482
468 469
469 474
474 481
481 485
485 488
470 475
475 476
476 483
483 486
486 493
471 477
477 480
480 487
487 489
489 494
473 484
484 490
490 491
491 492
492 495
482 497
488 497
493 497
494 497
495 497
497 498
497 501
497 503
497 509
497 512
498 500
500 502
502 504
504 507
507 515
501 505
505 508
508 511
511 517
517 524
503 506
506 510
510 513
513 520
520 525
509 514
514 516
516 521
521 523
523 526
512 518
518 519
519 522
522 527
527 528
515 530
524 530
525 530
526 530
528 530
530 531
530 532
530 536
530 538
530 548
531 534
534 537
537 540
540 544
544 556
532 535
535 539
539 543
543 547
547 557
536 541
541 542
542 546
546 549
549 559
538 545
545 551
551 553
553 554
554 560
548 550
550 552
552 555
555 558
558 561
556 563
557 563
559 563
560 563
561 563
563 564
563 566
563 572
563 573
563 578
564 565
565 567
567 568
568 571
571 574
566 569
569 576
576 581
581 584
584 586
572 575
575 577
577 582
582 585
585 589
573 579
579 580
580 588
588 590
590 592
578 583
583 587
587 591
591 593
593 594
574 596
586 596
589 596
592 596
594 596
596 597
596 598
596 599
596 613
596 618
597 601
601 604
604 606
606 609
609 611
598 602
602 605
605 607
607 610
610 612
599 603
603 608
608 614
614 617
617 621
613 615
615 616
616 620
620 623
623 625
618 619
619 622
622 624
624 626
626 627
611 629
612 629
621 629
625 629
627 629
629 630
629 633
629 634
629 639
629 642
630 632
632 637
637 641
641 644
644 652
633 635
635 638
638 643
643 647
647 653
634 636
636 645
645 646
646 651
651 657
639 640
640 648
648 649
649 654
654 659
642 650
650 655
655 656
656 658
658 660
652 662
653 662
657 662
659 662
660 662
662 663
662 664
662 665
662 673
662 676
663 667
667 668
668 670
670 671
671 685
664 669
669 672
672 675
675 679
679 689
665 674
674 678
678 680
680 686
686 691
673 677
677 682
682 684
684 688
688 692
676 681
681 683
683 687
687 690
690 693
685 695
689 695
691 695
692 695
693 695
695 696
695 699
695 700
695 704
695 712
696 698
698 702
702 703
703 705
705 714
699 701
701 706
706 707
707 710
710 719
700 708
708 711
711 713
713 717
717 724
704 709
709 715
715 720
720 722
722 725
712 716
716 718
718 721
721 723
723 726
714 728
719 728
724 728
725 728
726 728
