444 991
887 888
885 888
884 888
883 888
881 888
877 888
875 888
874 888
872 888
863 888
861 888
886 887
878 886
882 885
880 884
879 883
876 882
870 881
873 880
871 879
854 878
868 877
854 876
867 875
866 874
854 873
864 872
854 871
869 870
854 869
865 868
860 867
859 866
854 865
858 864
862 863
856 862
857 861
854 860
854 859
854 858
855 857
854 856
854 855
853 854
851 854
849 854
847 854
846 854
844 854
837 854
836 854
834 854
830 854
827 854
852 853
843 852
850 851
842 850
848 849
839 848
845 847
841 846
838 845
840 844
820 843
820 842
835 841
832 840
820 839
820 838
833 837
831 836
820 835
829 834
825 833
820 832
824 831
828 830
823 829
822 828
826 827
821 826
820 825
820 824
820 823
820 822
820 821
819 820
817 820
816 820
815 820
814 820
811 820
809 820
799 820
798 820
793 820
789 820
818 819
810 818
813 817
812 816
808 815
806 814
807 813
805 812
802 811
786 810
800 809
804 808
786 807
803 806
786 805
786 804
786 803
801 802
786 801
796 800
797 799
795 798
794 797
786 796
792 795
786 794
791 793
786 792
790 791
786 790
788 789
787 788
786 787
785 786
782 786
781 786
780 786
776 786
774 786
773 786
771 786
769 786
768 786
761 786
784 785
783 784
752 783
779 782
777 781
775 780
778 779
752 778
766 777
772 776
764 775
770 774
767 773
762 772
765 771
760 770
763 769
757 768
759 767
752 766
758 765
752 764
756 763
752 762
755 761
752 760
752 759
752 758
754 757
752 756
753 755
752 754
752 753
751 752
750 752
749 752
748 752
747 752
745 752
741 752
739 752
737 752
735 752
729 752
746 751
743 750
740 749
736 748
734 747
744 746
733 745
718 744
742 743
718 742
730 741
738 740
728 739
718 738
727 737
732 736
725 735
731 734
726 733
718 732
718 731
724 730
721 729
723 728
722 727
718 726
720 725
718 724
718 723
718 722
719 721
718 720
718 719
717 718
715 718
714 718
713 718
712 718
706 718
705 718
703 718
701 718
695 718
693 718
716 717
709 716
711 715
710 714
707 713
700 712
708 711
704 710
684 709
684 708
702 707
699 706
696 705
684 704
694 703
684 702
692 701
698 700
697 699
684 698
684 697
691 696
689 695
690 694
688 693
687 692
684 691
684 690
686 689
685 688
684 687
684 686
684 685
683 684
681 684
679 684
676 684
674 684
671 684
670 684
669 684
666 684
664 684
654 684
682 683
678 682
680 681
675 680
677 679
650 678
667 677
673 676
650 675
672 674
665 673
662 672
668 671
663 670
661 669
660 668
650 667
657 666
650 665
656 664
659 663
650 662
658 661
650 660
650 659
650 658
655 657
652 656
650 655
653 654
651 653
650 652
650 651
649 650
648 650
647 650
645 650
640 650
639 650
636 650
635 650
634 650
629 650
627 650
646 649
644 648
641 647
643 646
638 645
642 644
616 643
616 642
632 641
637 640
633 639
625 638
624 637
631 636
630 635
628 634
623 633
616 632
622 631
621 630
626 629
620 628
619 627
618 626
616 625
616 624
616 623
616 622
616 621
616 620
617 619
616 618
616 617
615 616
614 616
612 616
611 616
608 616
602 616
601 616
597 616
595 616
594 616
593 616
613 615
610 614
609 613
606 612
605 611
607 610
582 609
600 608
582 607
604 606
603 605
582 604
582 603
599 602
598 601
596 600
590 599
589 598
592 597
582 596
591 595
586 594
584 593
588 592
587 591
582 590
582 589
582 588
582 587
585 586
582 585
583 584
582 583
581 582
580 582
579 582
578 582
574 582
572 582
569 582
565 582
564 582
561 582
559 582
577 581
576 580
575 579
571 578
573 577
567 576
566 575
570 574
548 573
568 572
562 571
560 570
563 569
556 568
548 567
548 566
558 565
557 564
555 563
548 562
554 561
548 560
552 559
553 558
551 557
548 556
548 555
550 554
548 553
549 552
548 551
548 550
548 549
547 548
544 548
541 548
539 548
536 548
535 548
533 548
532 548
530 548
529 548
524 548
546 547
545 546
514 545
543 544
542 543
514 542
540 541
537 540
538 539
531 538
514 537
534 536
527 535
528 534
525 533
523 532
514 531
522 530
519 529
514 528
526 527
514 526
521 525
517 524
520 523
518 522
514 521
514 520
516 519
514 518
515 517
514 516
514 515
513 514
512 514
511 514
508 514
507 514
505 514
503 514
501 514
492 514
490 514
484 514
510 513
509 512
502 511
506 510
504 509
500 508
499 507
480 506
498 505
480 504
496 503
497 502
495 501
494 500
493 499
491 498
480 497
487 496
486 495
480 494
480 493
489 492
480 491
488 490
485 489
482 488
480 487
480 486
480 485
483 484
481 483
480 482
480 481
479 480
478 480
476 480
475 480
473 480
467 480
464 480
462 480
458 480
455 480
453 480
477 479
472 478
474 477
471 476
470 475
446 474
469 473
468 472
466 471
465 470
461 469
446 468
463 467
446 466
446 465
460 464
459 463
456 462
446 461
457 460
446 459
454 458
446 457
451 456
452 455
450 454
448 453
449 452
446 451
446 450
446 449
447 448
446 447
443 446
442 446
434 446
441 443
438 442
440 441
439 440
437 439
436 438
433 437
435 436
426 435
432 434
431 433
429 432
430 431
428 430
427 429
419 428
425 427
424 426
421 425
422 424
420 422
416 421
418 420
417 419
413 418
409 417
415 416
414 415
412 414
408 413
411 412
399 411
407 409
406 408
405 407
404 406
403 405
401 404
402 403
400 402
397 401
393 400
398 399
395 398
396 397
389 396
394 395
391 394
392 393
390 392
388 391
386 390
387 389
381 388
385 387
383 386
384 385
374 384
375 383
380 381
379 380
378 379
377 378
366 377
373 375
369 374
372 373
371 372
370 371
367 370
368 369
364 368
365 367
363 366
355 365
362 364
361 363
358 362
360 361
359 360
357 359
356 358
352 357
353 356
354 355
349 354
351 353
350 352
347 351
348 350
345 349
346 348
340 347
343 346
341 345
339 343
338 341
335 340
334 339
337 338
336 337
332 336
333 335
322 334
331 333
330 332
328 331
329 330
327 329
326 328
325 327
321 326
324 325
317 324
320 322
319 321
318 320
313 319
316 318
307 317
315 316
314 315
312 314
311 313
310 312
302 311
309 310
300 309
306 307
305 306
304 305
303 304
301 303
299 302
297 301
298 300
296 299
294 298
295 297
292 296
293 295
288 294
291 293
290 292
285 291
289 290
286 289
287 288
282 287
283 286
273 285
281 283
280 282
277 281
279 280
278 279
276 278
272 277
275 276
265 275
271 273
266 272
270 271
269 270
268 269
262 268
263 266
264 265
260 264
256 263
261 262
259 261
258 260
257 259
254 258
251 257
255 256
252 255
253 254
247 253
250 252
249 251
248 250
239 249
245 248
246 247
243 246
244 245
238 244
242 243
241 242
234 241
237 239
236 238
235 237
233 236
232 235
231 234
229 233
230 232
223 231
227 230
228 229
219 228
226 227
225 226
222 225
221 223
220 222
218 221
210 220
217 219
216 218
213 217
215 216
214 215
211 214
212 213
209 212
208 211
205 210
202 209
207 208
199 207
204 205
203 204
201 203
200 202
196 201
197 200
198 199
188 198
194 197
195 196
192 195
189 194
191 192
190 191
185 190
187 189
181 188
186 187
184 186
183 185
182 184
171 183
175 182
180 181
179 180
178 179
177 178
176 177
174 176
169 175
173 174
165 173
170 171
168 170
166 169
167 168
164 167
162 166
163 165
158 164
160 163
161 162
156 161
159 160
152 159
157 158
153 157
154 156
148 154
151 153
146 152
150 151
149 150
137 149
147 148
142 147
145 146
144 145
143 144
141 143
140 142
139 141
133 140
129 139
136 137
135 136
134 135
130 134
131 133
127 131
128 130
123 129
125 128
126 127
124 126
121 125
119 124
122 123
118 122
120 121
117 120
114 119
116 118
115 117
112 116
103 115
113 114
110 113
111 112
109 111
108 110
107 109
102 108
106 107
105 106
101 105
100 103
99 102
98 101
97 100
96 99
93 98
95 97
94 96
92 95
90 94
87 93
91 92
89 91
81 90
88 89
86 88
84 87
85 86
80 85
82 84
77 82
79 81
69 80
78 79
75 78
76 77
74 76
73 75
72 74
66 73
71 72
62 71
68 69
67 68
64 67
65 66
58 65
63 64
61 63
60 62
59 61
53 60
57 59
56 58
48 57
55 56
54 55
52 54
50 53
51 52
45 51
49 50
47 49
46 48
43 47
40 46
44 45
28 44
42 43
41 42
38 41
35 40
37 38
30 37
34 35
32 34
31 32
29 31
24 30
23 29
27 28
26 27
25 26
19 25
22 24
20 23
21 22
17 21
18 20
16 19
14 18
15 17
12 16
13 15
11 14
7 13
10 12
9 11
8 10
1 9
4 8
6 7
5 6
3 5
1 4
1 3
