422 843
1 2
1 3
1 4
1 9
2 6
6 8
3 7
7 12
4 10
10 13
9 11
11 14
8 15
12 15
13 15
14 15
15 16
15 18
15 19
15 22
16 20
20 21
18 23
23 25
19 24
24 27
22 26
26 28
21 29
25 29
27 29
28 29
29 30
29 31
29 35
29 37
30 32
32 34
31 33
33 38
35 39
39 40
37 41
41 42
34 43
38 43
40 43
42 43
43 44
43 45
43 50
43 53
44 47
47 49
45 48
48 51
50 52
52 54
53 55
55 56
49 57
51 57
54 57
56 57
57 58
57 59
57 60
57 67
58 62
62 64
59 63
63 65
60 66
66 69
67 68
68 70
64 71
65 71
69 71
70 71
71 72
71 74
71 77
71 80
72 73
73 76
74 78
78 79
77 81
81 82
80 83
83 84
76 85
79 85
82 85
84 85
85 86
85 87
85 91
85 92
86 89
89 93
87 90
90 95
91 94
94 96
92 97
97 98
93 99
95 99
96 99
98 99
99 100
99 102
99 105
99 107
100 101
101 104
102 106
106 109
105 108
108 111
107 110
110 112
104 113
109 113
111 113
112 113
113 114
113 117
113 118
113 121
114 116
116 119
117 120
120 122
118 123
123 124
121 125
125 126
119 127
122 127
124 127
126 127
127 128
127 129
127 131
127 135
128 130
130 133
129 134
134 136
131 137
137 139
135 138
138 140
133 141
136 141
139 141
140 141
141 142
141 143
141 148
141 150
142 144
144 145
143 146
146 147
148 149
149 152
150 153
153 154
145 155
147 155
152 155
154 155
155 156
155 157
155 161
155 163
156 158
158 160
157 159
159 162
161 165
165 167
163 166
166 168
160 169
162 169
167 169
168 169
169 170
169 173
169 175
169 176
170 172
172 177
173 174
174 179
175 178
178 181
176 180
180 182
177 183
179 183
181 183
182 183
183 184
183 186
183 187
183 190
184 185
185 189
186 188
188 194
187 192
192 195
190 193
193 196
189 197
194 197
195 197
196 197
197 198
197 199
197 204
197 207
198 201
201 203
199 202
202 206
204 205
205 208
207 209
209 210
203 211
206 211
208 211
210 211
211 212
211 213
211 216
211 217
212 214
214 220
213 215
215 222
216 219
219 223
217 221
221 224
220 225
222 225
223 225
224 225
225 226
225 228
225 231
225 234
226 227
227 229
228 230
230 232
231 233
233 236
234 237
237 238
229 239
232 239
236 239
238 239
239 240
239 242
239 244
239 247
240 243
243 246
242 245
245 248
244 249
249 251
247 250
250 252
246 253
248 253
251 253
252 253
253 254
253 256
253 258
253 260
254 257
257 259
256 261
261 264
258 262
262 265
260 263
263 266
259 267
264 267
265 267
266 267
267 268
267 270
267 271
267 273
268 272
272 276
270 274
274 277
271 275
275 278
273 279
279 280
276 281
277 281
278 281
280 281
281 282
281 284
281 286
281 289
282 283
283 291
284 285
285 292
286 288
288 293
289 290
290 294
291 295
292 295
293 295
294 295
295 296
295 297
295 300
295 302
296 299
299 301
297 303
303 305
300 304
304 307
302 306
306 308
301 309
305 309
307 309
308 309
309 310
309 312
309 314
309 316
310 311
311 315
312 317
317 319
314 318
318 320
316 321
321 322
315 323
319 323
320 323
322 323
323 324
323 325
323 327
323 330
324 326
326 331
325 329
329 334
327 332
332 335
330 333
333 336
331 337
334 337
335 337
336 337
337 338
337 339
337 341
337 345
338 340
340 343
339 344
344 347
341 346
346 348
345 349
349 350
343 351
347 351
348 351
350 351
351 352
351 354
351 356
351 360
352 353
353 358
354 357
357 362
356 359
359 363
360 361
361 364
358 365
362 365
363 365
364 365
365 366
365 369
365 370
365 372
366 367
367 368
369 373
373 376
370 374
374 377
372 375
375 378
368 379
376 379
377 379
378 379
379 380
379 383
379 384
379 387
380 382
382 385
383 386
386 388
384 389
389 390
387 391
391 392
385 393
388 393
390 393
392 393
393 394
393 396
393 398
393 400
394 397
397 401
396 399
399 403
398 402
402 404
400 405
405 406
401 407
403 407
404 407
406 407
407 408
407 409
407 411
407 416
408 410
410 415
409 413
413 417
411 414
414 419
416 418
418 420
415 421
417 421
419 421
420 421
421 424
421 428
421 430
424 425
425 427
427 431
428 429
429 432
432 433
430 434
434 435
435 436
439 440
440 441
441 444
442 445
445 446
446 448
443 447
447 449
449 450
431 439
433 442
436 443
452 453
453 458
458 459
454 455
455 461
461 463
456 460
460 462
462 464
444 452
448 454
450 456
466 468
468 472
472 475
469 470
470 474
474 477
471 473
473 476
476 478
459 466
463 469
464 471
480 481
481 483
483 489
484 485
485 488
488 490
486 487
487 491
491 492
475 480
477 484
478 486
494 497
497 499
499 502
495 500
500 503
503 505
498 501
501 504
504 506
489 494
490 495
492 498
508 510
510 513
513 514
511 512
512 516
516 519
515 517
517 518
518 520
502 508
505 511
506 515
522 525
525 527
527 529
523 528
528 530
530 532
526 531
531 533
533 534
514 522
519 523
520 526
537 539
539 540
540 543
538 542
542 545
545 547
541 544
544 546
546 548
529 537
532 538
534 541
550 551
551 554
554 557
552 556
556 559
559 560
555 558
558 561
561 562
543 550
547 552
548 555
564 565
565 570
570 573
566 568
568 571
571 575
567 569
569 574
574 576
557 564
560 566
562 567
578 579
579 583
583 586
580 581
581 587
587 588
582 584
584 589
589 590
573 578
575 580
576 582
593 595
595 597
597 598
594 596
596 600
600 602
599 601
601 603
603 604
586 593
588 594
590 599
606 608
608 609
609 613
607 610
610 614
614 615
611 616
616 617
617 618
598 606
602 607
604 611
620 622
622 626
626 629
623 624
624 627
627 631
625 628
628 630
630 632
613 620
615 623
618 625
634 635
635 638
638 640
636 637
637 641
641 643
642 644
644 645
645 646
629 634
631 636
632 642
648 650
650 653
653 657
649 652
652 655
655 659
651 654
654 658
658 660
640 648
643 649
646 651
663 664
664 666
666 669
665 667
667 671
671 672
668 670
670 673
673 674
657 663
659 665
660 668
677 678
678 680
680 682
679 683
683 684
684 685
681 686
686 687
687 688
669 677
672 679
674 681
691 692
692 693
693 695
694 696
696 697
697 701
698 699
699 700
700 702
682 691
685 694
688 698
704 706
706 709
709 711
705 707
707 710
710 712
713 714
714 715
715 716
695 704
701 705
702 713
718 720
720 722
722 724
721 725
725 726
726 728
723 727
727 729
729 730
711 718
712 721
716 723
732 735
735 736
736 738
733 739
739 740
740 743
737 741
741 742
742 744
724 732
728 733
730 737
746 747
747 750
750 752
748 751
751 754
754 755
753 756
756 757
757 758
738 746
743 748
744 753
760 761
761 764
764 767
762 766
766 768
768 771
765 769
769 770
770 772
752 760
755 762
758 765
774 777
777 778
778 782
775 779
779 781
781 783
780 784
784 785
785 786
767 774
771 775
772 780
788 791
791 793
793 794
789 795
795 796
796 797
790 798
798 799
799 800
782 788
783 789
786 790
803 805
805 806
806 809
804 808
808 811
811 813
807 810
810 812
812 814
794 803
797 804
800 807
817 818
818 820
820 822
819 821
821 824
824 827
823 825
825 826
826 828
809 817
813 819
814 823
830 831
831 834
834 838
832 835
835 836
836 840
837 839
839 841
841 842
822 830
827 832
828 837
838 844
840 844
842 844
