271 510
1 2
1 3
1 6
2 4
3 5
6 7
4 9
5 9
7 9
9 11
9 14
9 16
11 12
14 15
16 17
12 18
15 18
17 18
18 20
18 21
18 22
20 23
21 25
22 26
23 27
25 27
26 27
27 29
27 32
27 33
29 30
32 34
33 35
30 36
34 36
35 36
36 38
36 41
36 42
38 39
41 43
42 44
39 45
43 45
44 45
45 47
45 48
45 49
47 50
48 52
49 53
50 54
52 54
53 54
54 56
54 58
54 59
56 57
58 60
59 62
57 63
60 63
62 63
63 65
63 66
63 67
65 68
66 69
67 70
68 72
69 72
70 72
72 74
72 75
72 77
74 76
75 78
77 79
76 81
78 81
79 81
81 83
81 85
81 88
83 84
85 86
88 89
84 90
86 90
89 90
90 92
90 93
90 96
92 94
93 95
96 97
94 99
95 99
97 99
99 101
99 102
99 106
101 103
102 104
106 107
103 108
104 108
107 108
108 110
108 113
108 114
110 111
113 115
114 116
111 117
115 117
116 117
117 119
117 121
117 122
119 120
121 123
122 124
120 126
123 126
124 126
126 128
126 130
126 131
128 129
130 132
131 134
129 135
132 135
134 135
135 137
135 138
135 139
137 140
138 141
139 143
140 144
141 144
143 144
144 146
144 148
144 150
146 147
148 149
150 151
147 153
149 153
151 153
153 155
153 156
153 157
155 158
156 159
157 160
158 162
159 162
160 162
162 164
162 167
162 168
164 165
167 169
168 170
165 171
169 171
170 171
171 173
171 174
171 177
173 175
174 178
177 179
175 180
178 180
179 180
180 182
180 183
180 184
182 185
183 187
184 188
185 189
187 189
188 189
189 191
189 193
189 196
191 192
193 194
196 197
192 198
194 198
197 198
198 200
198 201
198 202
200 203
201 204
202 205
203 207
204 207
205 207
207 209
207 211
207 212
209 210
211 213
212 214
210 216
213 216
214 216
216 218
216 219
216 220
218 221
219 222
220 223
221 225
222 225
223 225
225 227
225 229
225 232
227 228
229 230
232 233
228 234
230 234
233 234
234 236
234 237
234 238
236 239
237 240
238 241
239 243
240 243
241 243
243 245
243 247
243 248
245 246
247 249
248 251
246 252
249 252
251 252
252 254
252 255
252 257
254 256
255 258
257 259
256 261
258 261
259 261
261 263
261 264
261 267
263 265
264 266
267 268
265 270
266 270
268 270
270 273
270 275
273 274
274 277
275 276
276 279
277 281
279 281
281 282
281 284
282 285
285 287
284 286
286 288
287 290
288 290
290 291
290 295
291 292
292 293
295 296
296 297
293 299
297 299
299 300
299 302
300 303
303 304
302 305
305 306
304 308
306 308
308 309
308 311
309 312
312 313
311 314
314 315
313 317
315 317
317 318
317 322
318 319
319 320
322 323
323 324
320 326
324 326
326 327
326 328
327 329
329 330
328 332
332 333
330 335
333 335
335 336
335 339
336 337
337 338
339 340
340 342
338 344
342 344
344 345
344 347
345 346
346 348
347 349
349 351
348 353
351 353
353 354
353 355
354 356
356 359
355 358
358 360
359 362
360 362
362 363
362 365
363 364
364 367
365 366
366 369
367 371
369 371
371 372
371 374
372 373
373 377
374 376
376 378
377 380
378 380
380 381
380 383
381 384
384 385
383 386
386 387
385 389
387 389
389 390
389 391
390 392
392 393
391 394
394 396
393 398
396 398
398 399
398 400
399 401
401 402
400 404
404 405
402 407
405 407
407 408
407 411
408 409
409 410
411 413
413 414
410 416
414 416
416 417
416 418
417 419
419 421
418 420
420 423
421 425
423 425
425 426
425 429
426 427
427 428
429 430
430 432
428 434
432 434
434 435
434 437
435 438
438 439
437 440
440 441
439 443
441 443
443 444
443 447
444 445
445 448
447 449
449 450
448 452
450 452
452 453
452 457
453 454
454 455
457 458
458 459
455 461
459 461
461 462
461 463
462 464
464 467
463 466
466 468
467 470
468 470
470 471
470 474
471 472
472 473
474 475
475 477
473 479
477 479
479 480
479 481
480 482
482 483
481 484
484 486
483 488
486 488
488 489
488 492
489 490
490 491
492 493
493 495
491 497
495 497
497 498
497 499
498 500
500 503
499 502
502 504
503 506
504 506
506 507
506 510
507 508
508 509
510 511
511 513
509 515
513 515
515 516
515 517
516 518
518 519
517 521
521 522
519 524
522 524
524 525
524 527
525 526
526 528
527 529
529 531
528 533
531 533
533 534
533 536
534 535
535 538
536 537
537 540
538 542
540 542
