152 302
303 304
302 304
301 303
300 302
299 301
299 300
298 299
297 299
296 298
295 297
294 296
294 295
293 294
291 294
292 293
289 292
290 291
289 290
288 289
287 289
286 288
285 287
284 286
284 285
283 284
281 284
282 283
279 282
280 281
279 280
278 279
277 279
276 278
275 277
274 276
274 275
273 274
272 274
271 273
270 272
269 271
269 270
268 269
266 269
267 268
264 267
265 266
264 265
263 264
261 264
262 263
259 262
260 261
259 260
258 259
256 259
257 258
254 257
255 256
254 255
253 254
252 254
251 253
250 252
249 251
249 250
248 249
246 249
247 248
244 247
245 246
244 245
243 244
241 244
242 243
239 242
240 241
239 240
238 239
237 239
236 238
235 237
234 236
234 235
233 234
231 234
232 233
229 232
230 231
229 230
228 229
226 229
227 228
224 227
225 226
224 225
223 224
222 224
221 223
220 222
219 221
219 220
218 219
216 219
217 218
214 217
215 216
214 215
213 214
211 214
212 213
209 212
210 211
209 210
208 209
206 209
207 208
204 207
205 206
204 205
203 204
202 204
201 203
200 202
199 201
199 200
198 199
196 199
197 198
194 197
195 196
194 195
193 194
192 194
191 193
190 192
189 191
189 190
188 189
187 189
186 188
185 187
184 186
184 185
183 184
182 184
181 183
180 182
179 181
179 180
178 179
177 179
176 178
175 177
174 176
174 175
173 174
171 174
172 173
169 172
170 171
169 170
168 169
166 169
167 168
164 167
165 166
164 165
163 164
162 164
161 163
160 162
159 161
159 160
158 159
156 159
157 158
154 157
155 156
154 155
151 154
149 154
150 151
146 150
148 149
144 148
145 146
141 145
143 144
140 143
139 141
138 140
136 139
134 138
135 136
131 135
133 134
130 133
129 131
128 130
126 129
124 128
125 126
121 125
123 124
119 123
120 121
116 120
118 119
115 118
114 116
113 115
111 114
110 113
109 111
108 110
106 109
105 108
104 106
103 105
101 104
99 103
100 101
96 100
98 99
95 98
94 96
93 95
91 94
90 93
89 91
88 90
86 89
84 88
85 86
81 85
83 84
80 83
79 81
78 80
76 79
75 78
74 76
73 75
71 74
69 73
70 71
66 70
68 69
65 68
64 66
63 65
61 64
60 63
59 61
58 60
56 59
55 58
54 56
53 55
51 54
49 53
50 51
46 50
48 49
45 48
44 46
43 45
41 44
39 43
40 41
36 40
38 39
34 38
35 36
31 35
33 34
29 33
30 31
26 30
28 29
24 28
25 26
21 25
23 24
20 23
19 21
18 20
16 19
15 18
14 16
13 15
11 14
9 13
10 11
6 10
8 9
5 8
4 6
3 5
1 4
1 3
