500 1000
1 2
502 503
2 3
503 504
3 4
504 505
4 5
505 506
5 6
506 507
6 7
507 508
7 8
508 509
8 9
509 510
9 10
510 511
10 11
511 512
11 12
512 513
12 13
513 514
13 14
514 515
14 15
515 516
15 16
516 517
16 17
517 518
17 18
518 519
18 19
519 520
19 20
520 521
20 21
521 522
21 22
522 523
22 23
523 524
23 24
524 525
24 25
525 526
25 26
526 527
26 27
527 528
27 28
528 529
28 29
529 530
29 30
530 531
30 31
531 532
31 32
532 533
32 33
533 534
33 34
534 535
34 35
535 536
35 36
536 537
36 37
537 538
37 38
538 539
38 39
539 540
39 40
540 541
40 41
541 542
41 42
542 543
42 43
543 544
43 44
544 545
44 45
545 546
45 46
546 547
46 47
547 548
47 48
548 549
48 49
549 550
49 50
550 551
50 51
551 552
51 52
552 553
52 53
553 554
53 54
554 555
54 55
555 556
55 56
556 557
56 57
557 558
57 58
558 559
58 59
559 560
59 60
560 561
60 61
561 562
61 62
562 563
62 63
563 564
63 64
564 565
64 65
565 566
65 66
566 567
66 67
567 568
67 68
568 569
68 69
569 570
69 70
570 571
70 71
571 572
71 72
572 573
72 73
573 574
73 74
574 575
74 75
575 576
75 76
576 577
76 77
577 578
77 78
578 579
78 79
579 580
79 80
580 581
80 81
581 582
81 82
582 583
82 83
583 584
83 84
584 585
84 85
585 586
85 86
586 587
86 87
587 588
87 88
588 589
88 89
589 590
89 90
590 591
90 91
591 592
91 92
592 593
92 93
593 594
93 94
594 595
94 95
595 596
95 96
596 597
96 97
597 598
97 98
598 599
98 99
599 600
99 100
600 601
100 101
601 602
101 102
602 603
102 103
603 604
103 104
604 605
104 105
605 606
105 106
606 607
106 107
607 608
107 108
608 609
108 109
609 610
109 110
610 611
110 111
611 612
111 112
612 613
112 113
613 614
113 114
614 615
114 115
615 616
115 116
616 617
116 117
617 618
117 118
618 619
118 119
619 620
119 120
620 621
120 121
621 622
121 122
622 623
122 123
623 624
123 124
624 625
124 125
625 626
125 126
626 627
126 127
627 628
127 128
628 629
128 129
629 630
129 130
630 631
130 131
631 632
131 132
632 633
132 133
633 634
133 134
634 635
134 135
635 636
135 136
636 637
136 137
637 638
137 138
638 639
138 139
639 640
139 140
640 641
140 141
641 642
141 142
642 643
142 143
643 644
143 144
644 645
144 145
645 646
145 146
646 647
146 147
647 648
147 148
648 649
148 149
649 650
149 150
650 651
150 151
651 652
151 152
652 653
152 153
653 654
153 154
654 655
154 155
655 656
155 156
656 657
156 157
657 658
157 158
658 659
158 159
659 660
159 160
660 661
160 161
661 662
161 162
662 663
162 163
663 664
163 164
664 665
164 165
665 666
165 166
666 667
166 167
667 668
167 168
668 669
168 169
669 670
169 170
670 671
170 171
671 672
171 172
672 673
172 173
673 674
173 174
674 675
174 175
675 676
175 176
676 677
176 177
677 678
177 178
678 679
178 179
679 680
179 180
680 681
180 181
681 682
181 182
682 683
182 183
683 684
183 184
684 685
184 185
685 686
185 186
686 687
186 187
687 688
187 188
688 689
188 189
689 690
189 190
690 691
190 191
691 692
191 192
692 693
192 193
693 694
193 194
694 695
194 195
695 696
195 196
696 697
196 197
697 698
197 198
698 699
198 199
699 700
199 200
700 701
200 201
701 702
201 202
702 703
202 203
703 704
203 204
704 705
204 205
705 706
205 206
706 707
206 207
707 708
207 208
708 709
208 209
709 710
209 210
710 711
210 211
711 712
211 212
712 713
212 213
713 714
213 214
714 715
214 215
715 716
215 216
716 717
216 217
717 718
217 218
718 719
218 219
719 720
219 220
720 721
220 221
721 722
221 222
722 723
222 223
723 724
223 224
724 725
224 225
725 726
225 226
726 727
226 227
727 728
227 228
728 729
228 229
729 730
229 230
730 731
230 231
731 732
231 232
732 733
232 233
733 734
233 234
734 735
234 235
735 736
235 236
736 737
236 237
737 738
237 238
738 739
238 239
739 740
239 240
740 741
240 241
741 742
241 242
742 743
242 243
743 744
243 244
744 745
244 245
745 746
245 246
746 747
246 247
747 748
247 248
748 749
248 249
749 750
249 250
750 751
250 251
751 752
251 252
752 753
252 253
753 754
253 254
754 755
254 255
755 756
255 256
756 757
256 257
757 758
257 258
758 759
258 259
759 760
259 260
760 761
260 261
761 762
261 262
762 763
262 263
763 764
263 264
764 765
264 265
765 766
265 266
766 767
266 267
767 768
267 268
768 769
268 269
769 770
269 270
770 771
270 271
771 772
271 272
772 773
272 273
773 774
273 274
774 775
274 275
775 776
275 276
776 777
276 277
777 778
277 278
778 779
278 279
779 780
279 280
780 781
280 281
781 782
281 282
782 783
282 283
783 784
283 284
784 785
284 285
785 786
285 286
786 787
286 287
787 788
287 288
788 789
288 289
789 790
289 290
790 791
290 291
791 792
291 292
792 793
292 293
793 794
293 294
794 795
294 295
795 796
295 296
796 797
296 297
797 798
297 298
798 799
298 299
799 800
299 300
800 801
300 301
801 802
301 302
802 803
302 303
803 804
303 304
804 805
304 305
805 806
305 306
806 807
306 307
807 808
307 308
808 809
308 309
809 810
309 310
810 811
310 311
811 812
311 312
812 813
312 313
813 814
313 314
814 815
314 315
815 816
315 316
816 817
316 317
817 818
317 318
818 819
318 319
819 820
319 320
820 821
320 321
821 822
321 322
822 823
322 323
823 824
323 324
824 825
324 325
825 826
325 326
826 827
326 327
827 828
327 328
828 829
328 329
829 830
329 330
830 831
330 331
831 832
331 332
832 833
332 333
833 834
333 334
834 835
334 335
835 836
335 336
836 837
336 337
837 838
337 338
838 839
338 339
839 840
339 340
840 841
340 341
841 842
341 342
842 843
342 343
843 844
343 344
844 845
344 345
845 846
345 346
846 847
346 347
847 848
347 348
848 849
348 349
849 850
349 350
850 851
350 351
851 852
351 352
852 853
352 353
853 854
353 354
854 855
354 355
855 856
355 356
856 857
356 357
857 858
357 358
858 859
358 359
859 860
359 360
860 861
360 361
861 862
361 362
862 863
362 363
863 864
363 364
864 865
364 365
865 866
365 366
866 867
366 367
867 868
367 368
868 869
368 369
869 870
369 370
870 871
370 371
871 872
371 372
872 873
372 373
873 874
373 374
874 875
374 375
875 876
375 376
876 877
376 377
877 878
377 378
878 879
378 379
879 880
379 380
880 881
380 381
881 882
381 382
882 883
382 383
883 884
383 384
884 885
384 385
885 886
385 386
886 887
386 387
887 888
387 388
888 889
388 389
889 890
389 390
890 891
390 391
891 892
391 392
892 893
392 393
893 894
393 394
894 895
394 395
895 896
395 396
896 897
396 397
897 898
397 398
898 899
398 399
899 900
399 400
900 901
400 401
901 902
401 402
902 903
402 403
903 904
403 404
904 905
404 405
905 906
405 406
906 907
406 407
907 908
407 408
908 909
408 409
909 910
409 410
910 911
410 411
911 912
411 412
912 913
412 413
913 914
413 414
914 915
414 415
915 916
415 416
916 917
416 417
917 918
417 418
918 919
418 419
919 920
419 420
920 921
420 421
921 922
421 422
922 923
422 423
923 924
423 424
924 925
424 425
925 926
425 426
926 927
426 427
927 928
427 428
928 929
428 429
929 930
429 430
930 931
430 431
931 932
431 432
932 933
432 433
933 934
433 434
934 935
434 435
935 936
435 436
936 937
436 437
937 938
437 438
938 939
438 439
939 940
439 440
940 941
440 441
941 942
441 442
942 943
442 443
943 944
443 444
944 945
444 445
945 946
445 446
946 947
446 447
947 948
447 448
948 949
448 449
949 950
449 450
950 951
450 451
951 952
451 452
952 953
452 453
953 954
453 454
954 955
454 455
955 956
455 456
956 957
456 457
957 958
457 458
958 959
458 459
959 960
459 460
960 961
460 461
961 962
461 462
962 963
462 463
963 964
463 464
964 965
464 465
965 966
465 466
966 967
466 467
967 968
467 468
968 969
468 469
969 970
469 470
970 971
470 471
971 972
471 472
972 973
472 473
973 974
473 474
974 975
474 475
975 976
475 476
976 977
476 477
977 978
477 478
978 979
478 479
979 980
479 480
980 981
480 481
981 982
481 482
982 983
482 483
983 984
483 484
984 985
484 485
985 986
485 486
986 987
486 487
987 988
487 488
988 989
488 489
989 990
489 490
990 991
490 491
991 992
491 492
992 993
492 493
993 994
493 494
994 995
494 495
995 996
495 496
996 997
496 497
997 998
497 498
998 999
498 499
999 1000
168 579
432 853
423 888
119 525
