70 217
1 2
2 3
2 4
3 4
4 5
5 6
5 8
5 9
5 11
6 7
6 12
7 8
8 9
8 14
9 10
9 11
9 14
10 11
10 15
11 12
12 13
13 14
13 19
14 15
14 18
15 16
16 17
17 18
17 22
18 19
18 21
19 20
19 24
20 21
21 22
21 24
22 23
22 25
23 24
23 26
23 29
24 25
25 26
26 27
26 28
27 28
28 29
29 30
30 31
30 36
31 32
32 33
33 34
33 38
34 35
35 36
35 41
36 37
37 38
38 39
39 40
40 41
41 42
41 45
42 43
42 45
43 44
44 45
45 46
45 49
46 47
46 48
47 48
48 49
48 54
49 50
50 51
51 52
51 55
52 53
52 57
53 54
54 55
55 56
56 57
56 58
56 61
57 58
58 59
58 60
58 62
59 60
60 61
61 62
61 66
62 63
63 64
63 65
63 66
64 65
65 66
66 67
66 68
66 72
67 68
67 74
68 69
68 73
69 70
70 71
70 78
70 79
71 72
71 73
71 74
71 80
74 75
74 80
75 76
75 80
76 77
76 78
76 80
76 81
76 83
78 79
78 84
79 80
79 83
79 84
80 81
81 82
82 83
83 84
84 85
85 86
85 89
85 92
86 87
86 89
87 88
88 89
89 90
89 91
91 92
91 98
92 93
92 95
92 97
93 94
93 99
94 95
95 96
95 97
97 98
97 104
98 99
99 100
100 101
100 109
101 102
101 104
102 103
104 105
104 109
104 111
105 106
105 108
106 107
106 108
108 109
108 116
109 110
110 111
110 113
111 112
111 114
112 114
113 115
115 116
115 124
116 117
116 119
117 118
117 119
117 129
118 119
118 120
118 122
118 123
118 126
119 122
120 121
122 123
122 124
124 125
124 126
124 130
125 126
125 129
126 127
126 134
127 128
127 137
128 130
128 135
130 131
130 132
132 133
132 138
133 134
134 135
134 137
135 136
137 138
138 139
139 140
