152 302
1 2
1 3
2 4
3 5
4 6
5 6
6 7
6 9
7 8
9 10
8 11
10 11
11 12
11 13
12 14
13 15
14 16
15 16
16 17
16 18
17 19
18 20
19 21
20 21
21 22
21 24
22 23
24 25
23 26
25 26
26 27
26 28
27 29
28 30
29 31
30 31
31 32
31 33
32 34
33 35
34 36
35 36
36 37
36 38
37 39
38 40
39 41
40 41
41 42
41 44
42 43
44 45
43 46
45 46
46 47
46 49
47 48
49 50
48 51
50 51
51 52
51 53
52 54
53 55
54 56
55 56
56 57
56 58
57 59
58 60
59 61
60 61
61 62
61 64
62 63
64 65
63 66
65 66
66 67
66 69
67 68
69 70
68 71
70 71
71 72
71 74
72 73
74 75
73 76
75 76
76 77
76 78
77 79
78 80
79 81
80 81
81 82
81 84
82 83
84 85
83 86
85 86
86 87
86 89
87 88
89 90
88 91
90 91
91 92
91 93
92 94
93 95
94 96
95 96
96 97
96 98
97 99
98 100
99 101
100 101
101 102
101 103
102 104
103 105
104 106
105 106
106 107
106 108
107 109
108 110
109 111
110 111
111 112
111 114
112 113
114 115
113 116
115 116
116 117
116 119
117 118
119 120
118 121
120 121
121 122
121 124
122 123
124 125
123 126
125 126
126 127
126 129
127 128
129 130
128 131
130 131
131 132
131 133
132 134
133 135
134 136
135 136
136 137
136 139
137 138
139 140
138 141
140 141
141 142
141 143
142 144
143 145
144 146
145 146
146 147
146 148
147 149
148 150
149 151
150 151
151 154
151 156
154 155
156 157
159 161
160 162
155 159
157 160
164 165
166 167
161 164
162 166
169 170
171 172
165 169
167 171
174 176
175 177
170 174
172 175
179 180
181 182
176 179
177 181
184 185
186 187
180 184
182 186
189 190
191 192
185 189
187 191
194 196
195 197
190 194
192 195
199 201
200 202
196 199
197 200
204 205
206 207
201 204
202 206
209 210
211 212
205 209
207 211
214 216
215 217
210 214
212 215
219 221
220 222
216 219
217 220
224 226
225 227
221 224
222 225
229 230
231 232
226 229
227 231
234 236
235 237
230 234
232 235
239 241
240 242
236 239
237 240
244 245
246 247
241 244
242 246
249 250
251 252
245 249
247 251
254 255
256 257
250 254
252 256
259 260
261 262
255 259
257 261
264 266
265 267
260 264
262 265
269 271
270 272
266 269
267 270
274 276
275 277
271 274
272 275
279 281
280 282
276 279
277 280
284 285
286 287
281 284
282 286
289 291
290 292
285 289
287 290
294 295
296 297
291 294
292 296
299 300
301 302
295 299
297 301
300 304
302 304
