160 318
1 2
1 4
1 6
1 7
2 3
4 5
6 8
7 9
3 10
5 10
8 10
9 10
10 11
10 12
10 13
10 15
10 16
10 18
10 19
10 25
10 27
11 14
12 17
13 20
15 21
16 22
18 23
19 24
25 26
27 28
14 29
17 29
20 29
21 29
22 29
23 29
24 29
26 29
28 29
29 30
29 31
29 33
29 36
29 37
29 39
29 41
29 42
29 43
29 44
29 45
29 46
29 52
29 55
29 56
29 58
29 59
29 60
29 61
29 67
29 69
30 32
31 34
33 35
36 38
37 40
39 47
41 48
42 49
43 50
44 51
45 53
46 54
52 57
55 62
56 63
58 64
59 65
60 66
61 68
67 70
69 71
32 72
34 72
35 72
38 72
40 72
47 72
48 72
49 72
50 72
51 72
53 72
54 72
57 72
62 72
63 72
64 72
65 72
66 72
68 72
70 72
71 72
72 73
72 74
72 76
72 77
72 78
72 81
72 82
72 85
72 86
72 88
72 89
72 91
72 92
72 97
72 99
72 101
72 103
72 104
72 106
72 107
72 108
72 109
72 110
72 111
72 112
72 115
72 116
72 117
72 119
72 122
72 124
72 127
72 129
72 130
72 133
72 134
72 137
72 140
72 142
72 147
72 149
72 151
72 156
73 75
74 79
76 80
77 83
78 84
81 87
82 90
85 93
86 94
88 95
89 96
91 98
92 100
97 102
99 105
101 113
103 114
104 118
106 120
107 121
108 123
109 125
110 126
111 128
112 131
115 132
116 135
117 136
119 138
122 139
124 141
127 143
129 144
130 145
133 146
134 148
137 150
140 152
142 153
147 154
149 155
151 157
156 158
75 159
79 159
80 159
83 159
84 159
87 159
90 159
93 159
94 159
95 159
96 159
98 159
100 159
102 159
105 159
113 159
114 159
118 159
120 159
121 159
123 159
125 159
126 159
128 159
131 159
132 159
135 159
136 159
138 159
139 159
141 159
143 159
144 159
145 159
146 159
148 159
150 159
152 159
153 159
154 159
155 159
157 159
158 159
159 162
159 163
162 164
164 166
166 167
163 165
171 172
172 173
173 175
175 176
176 178
178 179
179 185
185 187
182 186
167 171
165 182
190 191
191 193
193 196
196 197
197 199
199 201
201 202
202 203
203 204
204 205
205 206
206 212
212 215
215 216
216 218
218 219
219 220
220 221
221 227
227 229
198 200
187 190
186 198
233 234
234 236
236 237
237 238
238 241
241 242
242 245
245 246
246 248
248 249
249 251
251 252
252 257
257 259
259 261
261 263
263 264
264 266
266 267
267 268
268 269
269 270
270 271
271 272
272 275
275 276
276 277
277 279
279 282
282 284
284 287
287 289
289 290
290 293
293 294
294 297
297 300
300 302
302 307
307 309
309 311
311 316
255 310
229 233
200 255
316 320
310 320
