400 1000
1 2
402 403
2 3
403 404
3 4
404 405
4 5
405 406
5 6
406 407
6 7
407 408
7 8
408 409
8 9
409 410
9 10
410 411
10 11
411 412
11 12
412 413
12 13
413 414
13 14
414 415
14 15
415 416
15 16
416 417
16 17
417 418
17 18
418 419
18 19
419 420
19 20
420 421
20 21
421 422
21 22
422 423
22 23
423 424
23 24
424 425
24 25
425 426
25 26
426 427
26 27
427 428
27 28
428 429
28 29
429 430
29 30
430 431
30 31
431 432
31 32
432 433
32 33
433 434
33 34
434 435
34 35
435 436
35 36
436 437
36 37
437 438
37 38
438 439
38 39
439 440
39 40
440 441
40 41
441 442
41 42
442 443
42 43
443 444
43 44
444 445
44 45
445 446
45 46
446 447
46 47
447 448
47 48
448 449
48 49
449 450
49 50
450 451
50 51
451 452
51 52
452 453
52 53
453 454
53 54
454 455
54 55
455 456
55 56
456 457
56 57
457 458
57 58
458 459
58 59
459 460
59 60
460 461
60 61
461 462
61 62
462 463
62 63
463 464
63 64
464 465
64 65
465 466
65 66
466 467
66 67
467 468
67 68
468 469
68 69
469 470
69 70
470 471
70 71
471 472
71 72
472 473
72 73
473 474
73 74
474 475
74 75
475 476
75 76
476 477
76 77
477 478
77 78
478 479
78 79
479 480
79 80
480 481
80 81
481 482
81 82
482 483
82 83
483 484
83 84
484 485
84 85
485 486
85 86
486 487
86 87
487 488
87 88
488 489
88 89
489 490
89 90
490 491
90 91
491 492
91 92
492 493
92 93
493 494
93 94
494 495
94 95
495 496
95 96
496 497
96 97
497 498
97 98
498 499
98 99
499 500
99 100
500 501
100 101
501 502
101 102
502 503
102 103
503 504
103 104
504 505
104 105
505 506
105 106
506 507
106 107
507 508
107 108
508 509
108 109
509 510
109 110
510 511
110 111
511 512
111 112
512 513
112 113
513 514
113 114
514 515
114 115
515 516
115 116
516 517
116 117
517 518
117 118
518 519
118 119
519 520
119 120
520 521
120 121
521 522
121 122
522 523
122 123
523 524
123 124
524 525
124 125
525 526
125 126
526 527
126 127
527 528
127 128
528 529
128 129
529 530
129 130
530 531
130 131
531 532
131 132
532 533
132 133
533 534
133 134
534 535
134 135
535 536
135 136
536 537
136 137
537 538
137 138
538 539
138 139
539 540
139 140
540 541
140 141
541 542
141 142
542 543
142 143
543 544
143 144
544 545
144 145
545 546
145 146
546 547
146 147
547 548
147 148
548 549
148 149
549 550
149 150
550 551
150 151
551 552
151 152
552 553
152 153
553 554
153 154
554 555
154 155
555 556
155 156
556 557
156 157
557 558
157 158
558 559
158 159
559 560
159 160
560 561
160 161
561 562
161 162
562 563
162 163
563 564
163 164
564 565
164 165
565 566
165 166
566 567
166 167
567 568
167 168
568 569
168 169
569 570
169 170
570 571
170 171
571 572
171 172
572 573
172 173
573 574
173 174
574 575
174 175
575 576
175 176
576 577
176 177
577 578
177 178
578 579
178 179
579 580
179 180
580 581
180 181
581 582
181 182
582 583
182 183
583 584
183 184
584 585
184 185
585 586
185 186
586 587
186 187
587 588
187 188
588 589
188 189
589 590
189 190
590 591
190 191
591 592
191 192
592 593
192 193
593 594
193 194
594 595
194 195
595 596
195 196
596 597
196 197
597 598
197 198
598 599
198 199
599 600
199 200
600 601
200 201
601 602
201 202
602 603
202 203
603 604
203 204
604 605
204 205
605 606
205 206
606 607
206 207
607 608
207 208
608 609
208 209
609 610
209 210
610 611
210 211
611 612
211 212
612 613
212 213
613 614
213 214
614 615
214 215
615 616
215 216
616 617
216 217
617 618
217 218
618 619
218 219
619 620
219 220
620 621
220 221
621 622
221 222
622 623
222 223
623 624
223 224
624 625
224 225
625 626
225 226
626 627
226 227
627 628
227 228
628 629
228 229
629 630
229 230
630 631
230 231
631 632
231 232
632 633
232 233
633 634
233 234
634 635
234 235
635 636
235 236
636 637
236 237
637 638
237 238
638 639
238 239
639 640
239 240
640 641
240 241
641 642
241 242
642 643
242 243
643 644
243 244
644 645
244 245
645 646
245 246
646 647
246 247
647 648
247 248
648 649
248 249
649 650
249 250
650 651
250 251
651 652
251 252
652 653
252 253
653 654
253 254
654 655
254 255
655 656
255 256
656 657
256 257
657 658
257 258
658 659
258 259
659 660
259 260
660 661
260 261
661 662
261 262
662 663
262 263
663 664
263 264
664 665
264 265
665 666
265 266
666 667
266 267
667 668
267 268
668 669
268 269
669 670
269 270
670 671
270 271
671 672
271 272
672 673
272 273
673 674
273 274
674 675
274 275
675 676
275 276
676 677
276 277
677 678
277 278
678 679
278 279
679 680
279 280
680 681
280 281
681 682
281 282
682 683
282 283
683 684
283 284
684 685
284 285
685 686
285 286
686 687
286 287
687 688
287 288
688 689
288 289
689 690
289 290
690 691
290 291
691 692
291 292
692 693
292 293
693 694
293 294
694 695
294 295
695 696
295 296
696 697
296 297
697 698
297 298
698 699
298 299
699 700
299 300
700 701
300 301
701 702
301 302
702 703
302 303
703 704
303 304
704 705
304 305
705 706
305 306
706 707
306 307
707 708
307 308
708 709
308 309
709 710
309 310
710 711
310 311
711 712
311 312
712 713
312 313
713 714
313 314
714 715
314 315
715 716
315 316
716 717
316 317
717 718
317 318
718 719
318 319
719 720
319 320
720 721
320 321
721 722
321 322
722 723
322 323
723 724
323 324
724 725
324 325
725 726
325 326
726 727
326 327
727 728
327 328
728 729
328 329
729 730
329 330
730 731
330 331
731 732
331 332
732 733
332 333
733 734
333 334
734 735
334 335
735 736
335 336
736 737
336 337
737 738
337 338
738 739
338 339
739 740
339 340
740 741
340 341
741 742
341 342
742 743
342 343
743 744
343 344
744 745
344 345
745 746
345 346
746 747
346 347
747 748
347 348
748 749
348 349
749 750
349 350
750 751
350 351
751 752
351 352
752 753
352 353
753 754
353 354
754 755
354 355
755 756
355 356
756 757
356 357
757 758
357 358
758 759
358 359
759 760
359 360
760 761
360 361
761 762
361 362
762 763
362 363
763 764
363 364
764 765
364 365
765 766
365 366
766 767
366 367
767 768
367 368
768 769
368 369
769 770
369 370
770 771
370 371
771 772
371 372
772 773
372 373
773 774
373 374
774 775
374 375
775 776
375 376
776 777
376 377
777 778
377 378
778 779
378 379
779 780
379 380
780 781
380 381
781 782
381 382
782 783
382 383
783 784
383 384
784 785
384 385
785 786
385 386
786 787
386 387
787 788
387 388
788 789
388 389
789 790
389 390
790 791
390 391
791 792
391 392
792 793
392 393
793 794
393 394
794 795
394 395
795 796
395 396
796 797
396 397
797 798
397 398
798 799
398 399
799 800
68 447
324 504
187 494
264 461
87 471
383 614
319 427
379 688
381 686
163 418
98 420
367 677
163 511
181 414
237 499
207 583
323 551
149 452
252 632
191 441
368 495
256 444
225 482
380 494
239 537
294 650
392 535
241 573
294 664
338 486
274 464
193 426
136 503
90 480
368 739
244 608
119 507
335 685
393 507
216 421
294 613
364 606
293 535
159 519
352 437
237 597
306 676
235 627
364 574
365 742
89 464
282 476
18 403
187 545
293 437
240 489
275 578
198 413
384 608
252 501
226 446
335 427
270 432
320 626
176 426
311 622
392 662
150 424
274 456
272 602
376 660
202 583
386 657
279 602
371 555
374 612
260 532
346 511
237 434
184 458
260 459
372 413
363 474
362 515
307 405
259 631
305 409
236 402
360 520
86 455
389 514
171 409
246 568
266 482
275 585
229 604
292 650
313 480
336 491
347 615
255 586
329 619
372 706
253 542
302 500
251 515
346 478
282 591
18 409
347 479
374 672
66 443
109 461
231 630
318 593
235 505
223 556
65 427
372 576
101 464
382 432
236 610
344 562
338 581
312 415
368 699
358 633
291 624
52 429
249 615
377 588
398 773
214 416
294 506
273 650
345 495
216 519
220 496
207 408
369 461
386 460
249 618
104 499
380 421
354 435
389 772
200 461
268 529
361 432
228 523
256 457
365 716
289 461
373 644
372 409
339 599
197 548
286 660
364 636
373 693
357 477
182 540
193 465
393 580
319 607
178 543
395 609
250 533
133 458
356 566
281 448
297 542
387 728
178 511
303 695
297 439
365 722
283 670
143 462
201 471
255 404
158 505
380 412
222 459
387 783
361 575
175 520
375 535
335 480
396 688
291 479
35 431
392 669
388 413
215 466
170 544
316 640
398 626
262 524
294 566
216 483
211 503
203 547
272 539
