446 1000
1 2
448 449
2 3
449 450
3 4
450 451
4 5
451 452
5 6
452 453
6 7
453 454
7 8
454 455
8 9
455 456
9 10
456 457
10 11
457 458
11 12
458 459
12 13
459 460
13 14
460 461
14 15
461 462
15 16
462 463
16 17
463 464
17 18
464 465
18 19
465 466
19 20
466 467
20 21
467 468
21 22
468 469
22 23
469 470
23 24
470 471
24 25
471 472
25 26
472 473
26 27
473 474
27 28
474 475
28 29
475 476
29 30
476 477
30 31
477 478
31 32
478 479
32 33
479 480
33 34
480 481
34 35
481 482
35 36
482 483
36 37
483 484
37 38
484 485
38 39
485 486
39 40
486 487
40 41
487 488
41 42
488 489
42 43
489 490
43 44
490 491
44 45
491 492
45 46
492 493
46 47
493 494
47 48
494 495
48 49
495 496
49 50
496 497
50 51
497 498
51 52
498 499
52 53
499 500
53 54
500 501
54 55
501 502
55 56
502 503
56 57
503 504
57 58
504 505
58 59
505 506
59 60
506 507
60 61
507 508
61 62
508 509
62 63
509 510
63 64
510 511
64 65
511 512
65 66
512 513
66 67
513 514
67 68
514 515
68 69
515 516
69 70
516 517
70 71
517 518
71 72
518 519
72 73
519 520
73 74
520 521
74 75
521 522
75 76
522 523
76 77
523 524
77 78
524 525
78 79
525 526
79 80
526 527
80 81
527 528
81 82
528 529
82 83
529 530
83 84
530 531
84 85
531 532
85 86
532 533
86 87
533 534
87 88
534 535
88 89
535 536
89 90
536 537
90 91
537 538
91 92
538 539
92 93
539 540
93 94
540 541
94 95
541 542
95 96
542 543
96 97
543 544
97 98
544 545
98 99
545 546
99 100
546 547
100 101
547 548
101 102
548 549
102 103
549 550
103 104
550 551
104 105
551 552
105 106
552 553
106 107
553 554
107 108
554 555
108 109
555 556
109 110
556 557
110 111
557 558
111 112
558 559
112 113
559 560
113 114
560 561
114 115
561 562
115 116
562 563
116 117
563 564
117 118
564 565
118 119
565 566
119 120
566 567
120 121
567 568
121 122
568 569
122 123
569 570
123 124
570 571
124 125
571 572
125 126
572 573
126 127
573 574
127 128
574 575
128 129
575 576
129 130
576 577
130 131
577 578
131 132
578 579
132 133
579 580
133 134
580 581
134 135
581 582
135 136
582 583
136 137
583 584
137 138
584 585
138 139
585 586
139 140
586 587
140 141
587 588
141 142
588 589
142 143
589 590
143 144
590 591
144 145
591 592
145 146
592 593
146 147
593 594
147 148
594 595
148 149
595 596
149 150
596 597
150 151
597 598
151 152
598 599
152 153
599 600
153 154
600 601
154 155
601 602
155 156
602 603
156 157
603 604
157 158
604 605
158 159
605 606
159 160
606 607
160 161
607 608
161 162
608 609
162 163
609 610
163 164
610 611
164 165
611 612
165 166
612 613
166 167
613 614
167 168
614 615
168 169
615 616
169 170
616 617
170 171
617 618
171 172
618 619
172 173
619 620
173 174
620 621
174 175
621 622
175 176
622 623
176 177
623 624
177 178
624 625
178 179
625 626
179 180
626 627
180 181
627 628
181 182
628 629
182 183
629 630
183 184
630 631
184 185
631 632
185 186
632 633
186 187
633 634
187 188
634 635
188 189
635 636
189 190
636 637
190 191
637 638
191 192
638 639
192 193
639 640
193 194
640 641
194 195
641 642
195 196
642 643
196 197
643 644
197 198
644 645
198 199
645 646
199 200
646 647
200 201
647 648
201 202
648 649
202 203
649 650
203 204
650 651
204 205
651 652
205 206
652 653
206 207
653 654
207 208
654 655
208 209
655 656
209 210
656 657
210 211
657 658
211 212
658 659
212 213
659 660
213 214
660 661
214 215
661 662
215 216
662 663
216 217
663 664
217 218
664 665
218 219
665 666
219 220
666 667
220 221
667 668
221 222
668 669
222 223
669 670
223 224
670 671
224 225
671 672
225 226
672 673
226 227
673 674
227 228
674 675
228 229
675 676
229 230
676 677
230 231
677 678
231 232
678 679
232 233
679 680
233 234
680 681
234 235
681 682
235 236
682 683
236 237
683 684
237 238
684 685
238 239
685 686
239 240
686 687
240 241
687 688
241 242
688 689
242 243
689 690
243 244
690 691
244 245
691 692
245 246
692 693
246 247
693 694
247 248
694 695
248 249
695 696
249 250
696 697
250 251
697 698
251 252
698 699
252 253
699 700
253 254
700 701
254 255
701 702
255 256
702 703
256 257
703 704
257 258
704 705
258 259
705 706
259 260
706 707
260 261
707 708
261 262
708 709
262 263
709 710
263 264
710 711
264 265
711 712
265 266
712 713
266 267
713 714
267 268
714 715
268 269
715 716
269 270
716 717
270 271
717 718
271 272
718 719
272 273
719 720
273 274
720 721
274 275
721 722
275 276
722 723
276 277
723 724
277 278
724 725
278 279
725 726
279 280
726 727
280 281
727 728
281 282
728 729
282 283
729 730
283 284
730 731
284 285
731 732
285 286
732 733
286 287
733 734
287 288
734 735
288 289
735 736
289 290
736 737
290 291
737 738
291 292
738 739
292 293
739 740
293 294
740 741
294 295
741 742
295 296
742 743
296 297
743 744
297 298
744 745
298 299
745 746
299 300
746 747
300 301
747 748
301 302
748 749
302 303
749 750
303 304
750 751
304 305
751 752
305 306
752 753
306 307
753 754
307 308
754 755
308 309
755 756
309 310
756 757
310 311
757 758
311 312
758 759
312 313
759 760
313 314
760 761
314 315
761 762
315 316
762 763
316 317
763 764
317 318
764 765
318 319
765 766
319 320
766 767
320 321
767 768
321 322
768 769
322 323
769 770
323 324
770 771
324 325
771 772
325 326
772 773
326 327
773 774
327 328
774 775
328 329
775 776
329 330
776 777
330 331
777 778
331 332
778 779
332 333
779 780
333 334
780 781
334 335
781 782
335 336
782 783
336 337
783 784
337 338
784 785
338 339
785 786
339 340
786 787
340 341
787 788
341 342
788 789
342 343
789 790
343 344
790 791
344 345
791 792
345 346
792 793
346 347
793 794
347 348
794 795
348 349
795 796
349 350
796 797
350 351
797 798
351 352
798 799
352 353
799 800
353 354
800 801
354 355
801 802
355 356
802 803
356 357
803 804
357 358
804 805
358 359
805 806
359 360
806 807
360 361
807 808
361 362
808 809
362 363
809 810
363 364
810 811
364 365
811 812
365 366
812 813
366 367
813 814
367 368
814 815
368 369
815 816
369 370
816 817
370 371
817 818
371 372
818 819
372 373
819 820
373 374
820 821
374 375
821 822
375 376
822 823
376 377
823 824
377 378
824 825
378 379
825 826
379 380
826 827
380 381
827 828
381 382
828 829
382 383
829 830
383 384
830 831
384 385
831 832
385 386
832 833
386 387
833 834
387 388
834 835
388 389
835 836
389 390
836 837
390 391
837 838
391 392
838 839
392 393
839 840
393 394
840 841
394 395
841 842
395 396
842 843
396 397
843 844
397 398
844 845
398 399
845 846
399 400
846 847
400 401
847 848
401 402
848 849
402 403
849 850
403 404
850 851
404 405
851 852
405 406
852 853
406 407
853 854
407 408
854 855
408 409
855 856
409 410
856 857
410 411
857 858
411 412
858 859
412 413
859 860
413 414
860 861
414 415
861 862
415 416
862 863
416 417
863 864
417 418
864 865
418 419
865 866
419 420
866 867
420 421
867 868
421 422
868 869
422 423
869 870
423 424
870 871
424 425
871 872
425 426
872 873
426 427
873 874
427 428
874 875
428 429
875 876
429 430
876 877
430 431
877 878
431 432
878 879
432 433
879 880
433 434
880 881
434 435
881 882
435 436
882 883
436 437
883 884
437 438
884 885
438 439
885 886
439 440
886 887
440 441
887 888
441 442
888 889
442 443
889 890
443 444
890 891
444 445
891 892
300 601
298 469
202 526
351 519
381 573
301 701
303 631
205 467
418 543
377 543
406 529
214 543
62 500
394 790
385 820
400 602
389 642
406 536
440 616
363 614
98 524
210 607
443 534
295 488
403 789
441 696
362 762
305 731
98 509
196 469
170 468
240 510
428 817
239 624
105 480
287 596
395 521
391 611
360 485
337 624
277 551
413 825
308 523
405 546
184 496
445 561
180 501
426 472
413 750
165 598
357 602
423 608
174 572
409 679
175 555
216 508
417 689
243 497
380 771
336 653
316 748
204 505
315 628
71 500
121 471
277 659
346 676
409 703
52 468
380 502
326 762
260 574
83 454
403 526
177 463
329 712
256 582
251 602
372 532
349 575
118 558
282 529
406 741
298 471
132 508
426 751
55 459
436 532
288 633
398 456
399 509
411 478
235 575
108 492
439 674
418 642
224 533
314 758
392 662
320 558
307 638
335 582
117 480
398 679
345 593
386 539
383 459
222 584
148 451
308 543
424 551
230 567
