418 913
1 2
1 3
1 5
1 7
1 10
1 12
1 14
1 18
1 24
1 29
2 4
4 11
3 8
8 13
5 9
9 17
7 15
15 20
10 16
16 21
12 19
19 22
14 23
23 26
18 25
25 27
24 28
28 31
29 30
30 32
11 33
13 33
17 33
20 33
21 33
22 33
26 33
27 33
31 33
32 33
33 34
33 36
33 37
33 39
33 41
33 42
33 43
33 49
33 52
33 56
34 35
35 44
36 38
38 45
37 40
40 48
39 46
46 53
41 47
47 54
42 50
50 59
43 51
51 60
49 55
55 62
52 58
58 63
56 61
61 64
44 65
45 65
48 65
53 65
54 65
59 65
60 65
62 65
63 65
64 65
65 66
65 69
65 70
65 73
65 75
65 76
65 78
65 80
65 86
65 87
66 67
67 68
69 72
72 77
70 74
74 81
73 79
79 82
75 83
83 88
76 84
84 90
78 85
85 93
80 89
89 94
86 91
91 95
87 92
92 96
68 97
77 97
81 97
82 97
88 97
90 97
93 97
94 97
95 97
96 97
97 98
97 99
97 101
97 102
97 106
97 107
97 112
97 115
97 121
97 123
98 100
100 109
99 103
103 110
101 104
104 114
102 105
105 116
106 108
108 117
107 111
111 118
112 113
113 119
115 120
120 126
121 122
122 127
123 125
125 128
109 129
110 129
114 129
116 129
117 129
118 129
119 129
126 129
127 129
128 129
129 130
129 131
129 132
129 134
129 135
129 136
129 139
129 142
129 143
129 147
130 137
137 144
131 138
138 145
132 140
140 149
134 141
141 150
135 146
146 151
136 148
148 153
139 152
152 154
142 155
155 157
143 156
156 159
147 158
158 160
144 161
145 161
149 161
150 161
151 161
153 161
154 161
157 161
159 161
160 161
161 162
161 164
161 165
161 168
161 170
161 171
161 173
161 175
161 179
161 190
162 163
163 169
164 166
166 178
165 167
167 182
168 172
172 183
170 174
174 185
171 176
176 186
173 177
177 187
175 181
181 188
179 184
184 189
190 191
191 192
169 193
178 193
182 193
183 193
185 193
186 193
187 193
188 193
189 193
192 193
193 194
193 196
193 197
193 199
193 204
193 206
193 209
193 210
193 211
193 213
194 198
198 202
196 200
200 203
197 201
201 205
199 207
207 212
204 208
208 217
206 214
214 219
209 215
215 220
210 216
216 221
211 218
218 222
213 223
223 224
202 225
203 225
205 225
212 225
217 225
219 225
220 225
221 225
222 225
224 225
225 226
225 227
225 228
225 230
225 234
225 235
225 236
225 237
225 239
225 251
226 229
229 231
227 232
232 240
228 233
233 241
230 238
238 242
234 243
243 247
235 244
244 248
236 245
245 250
237 246
246 254
239 249
249 255
251 253
253 256
231 257
240 257
241 257
242 257
247 257
248 257
250 257
254 257
255 257
256 257
257 258
257 259
257 260
257 264
257 265
257 267
257 270
257 272
257 279
257 281
258 261
261 263
259 262
262 273
260 266
266 274
264 268
268 277
265 269
269 278
267 271
271 280
270 275
275 283
272 276
276 284
279 285
285 287
281 286
286 288
263 289
273 289
274 289
277 289
278 289
280 289
283 289
284 289
287 289
288 289
289 290
289 291
289 293
289 298
289 301
289 303
289 305
289 309
289 312
289 314
290 294
294 296
291 295
295 297
293 299
299 300
298 302
302 304
301 306
306 307
303 308
308 313
305 310
310 317
309 311
311 318
312 315
315 319
314 316
316 320
296 321
297 321
300 321
304 321
307 321
313 321
317 321
318 321
319 321
320 321
321 322
321 324
321 325
321 326
321 327
321 334
321 336
321 338
321 344
321 346
322 323
323 332
324 328
328 333
325 329
329 337
326 330
330 340
327 331
331 342
334 335
335 343
336 339
339 349
338 341
341 350
344 347
347 351
346 348
348 352
332 353
333 353
337 353
340 353
342 353
343 353
349 353
350 353
351 353
352 353
353 354
353 356
353 358
353 359
353 361
353 364
353 366
353 367
353 374
353 380
354 355
355 360
356 357
357 365
358 362
362 370
359 363
363 371
361 368
368 372
364 369
369 376
366 373
373 378
367 377
377 382
374 379
379 383
380 381
381 384
360 385
365 385
370 385
371 385
372 385
376 385
378 385
382 385
383 385
384 385
385 386
385 387
385 389
385 393
385 394
385 395
385 396
385 397
385 403
385 406
386 388
388 390
387 391
391 392
389 399
399 401
393 400
400 404
394 402
402 405
395 407
407 408
396 409
409 412
397 410
410 413
403 411
411 414
406 415
415 416
390 417
392 417
401 417
404 417
405 417
408 417
412 417
413 417
414 417
416 417
417 420
417 422
417 429
420 421
421 424
424 425
425 428
428 430
430 432
432 436
436 442
442 447
422 426
426 427
427 433
433 434
434 437
437 441
441 443
443 446
446 448
429 431
431 435
435 438
438 439
439 440
440 444
444 445
445 449
449 450
452 454
454 455
455 457
457 459
459 460
460 461
461 467
467 470
470 475
453 456
456 458
458 464
464 465
465 468
468 469
469 473
473 476
476 479
462 463
463 466
466 471
471 472
472 477
477 478
478 480
480 481
481 482
447 452
448 453
450 462
484 487
487 489
489 491
491 493
493 494
494 496
496 498
498 504
504 505
485 490
490 492
492 497
497 501
501 502
502 503
503 507
507 509
509 510
486 495
495 499
499 500
500 506
506 508
508 511
511 512
512 513
513 514
475 484
479 485
482 486
516 517
517 519
519 520
520 524
524 525
525 530
530 533
533 539
539 542
518 521
521 522
522 523
523 526
526 529
529 531
531 538
538 540
540 543
527 528
528 532
532 534
534 535
535 536
536 537
537 544
544 545
545 546
505 516
510 518
514 527
548 549
549 551
551 552
552 553
553 554
554 557
557 560
560 561
561 565
555 556
556 558
558 559
559 564
564 566
566 570
570 573
573 574
574 576
562 563
563 567
567 568
568 569
569 571
571 572
572 575
575 577
577 578
542 548
543 555
546 562
580 582
582 583
583 586
586 588
588 589
589 591
591 593
593 598
598 608
581 584
584 585
585 590
590 592
592 594
594 595
595 599
599 602
602 609
587 596
596 600
600 601
601 603
603 604
604 605
605 606
606 607
607 610
565 580
576 581
578 587
613 614
614 615
615 617
617 622
622 624
624 627
627 628
628 629
629 631
616 618
618 619
619 625
625 626
626 632
632 633
633 634
634 636
636 641
620 621
621 623
623 630
630 635
635 637
637 638
638 639
639 640
640 642
608 613
609 616
610 620
644 645
645 646
646 648
648 652
652 653
653 654
654 655
655 657
657 670
647 650
650 651
651 656
656 661
661 662
662 663
663 664
664 667
667 671
649 658
658 659
659 660
660 665
665 666
666 668
668 672
672 673
673 674
631 644
641 647
642 649
676 677
677 678
678 682
682 683
683 685
685 688
688 690
690 697
697 700
679 680
680 684
684 686
686 687
687 689
689 693
693 694
694 703
703 704
681 691
691 692
692 695
695 696
696 698
698 701
701 702
702 705
705 706
670 676
671 679
674 681
708 710
710 711
711 716
716 719
719 721
721 723
723 727
727 730
730 732
712 713
713 717
717 720
720 724
724 726
726 728
728 729
729 733
733 734
714 715
715 718
718 722
722 725
725 731
731 735
735 736
736 737
737 738
700 708
704 712
706 714
740 742
742 743
743 744
744 745
745 752
752 754
754 756
756 763
763 764
741 746
746 747
747 748
748 749
749 753
753 757
757 759
759 765
765 766
750 751
751 755
755 758
758 760
760 761
761 767
767 768
768 769
769 770
732 740
734 741
738 750
772 774
774 776
776 777
777 779
779 782
782 784
784 785
785 793
793 798
773 775
775 780
780 781
781 786
786 787
787 791
791 795
795 797
797 799
778 783
783 788
788 789
789 790
790 794
794 796
796 800
800 801
801 802
764 772
766 773
770 778
804 805
805 807
807 811
811 812
812 813
813 814
814 816
816 821
821 824
806 809
809 817
817 818
818 820
820 825
825 827
827 828
828 829
829 833
808 810
810 819
819 822
822 823
823 826
826 830
830 831
831 832
832 834
798 804
799 806
802 808
824 836
833 836
834 836
