392 813
1 2
1 3
1 4
1 6
2 5
5 7
3 8
8 10
4 9
9 11
6 12
12 13
7 14
10 14
11 14
13 14
14 15
14 16
14 20
14 23
15 17
17 19
16 18
18 21
20 22
22 24
23 25
25 26
19 27
21 27
24 27
26 27
27 28
27 29
27 33
27 36
28 30
30 31
29 32
32 34
33 35
35 38
36 37
37 39
31 40
34 40
38 40
39 40
40 41
40 43
40 46
40 49
41 42
42 45
43 44
44 48
46 47
47 50
49 51
51 52
45 53
48 53
50 53
52 53
53 54
53 55
53 58
53 60
54 56
56 61
55 57
57 63
58 59
59 64
60 62
62 65
61 66
63 66
64 66
65 66
66 67
66 68
66 69
66 74
67 70
70 71
68 72
72 73
69 75
75 76
74 77
77 78
71 79
73 79
76 79
78 79
79 80
79 82
79 84
79 86
80 81
81 88
82 83
83 89
84 85
85 90
86 87
87 91
88 92
89 92
90 92
91 92
92 93
92 95
92 97
92 98
93 94
94 100
95 96
96 101
97 99
99 103
98 102
102 104
100 105
101 105
103 105
104 105
105 106
105 107
105 110
105 113
106 108
108 112
107 109
109 114
110 111
111 115
113 116
116 117
112 118
114 118
115 118
117 118
118 119
118 121
118 123
118 124
119 120
120 126
121 122
122 127
123 125
125 129
124 128
128 130
126 131
127 131
129 131
130 131
131 132
131 135
131 137
131 141
132 133
133 134
135 136
136 139
137 138
138 140
141 142
142 143
134 144
139 144
140 144
143 144
144 145
144 146
144 149
144 152
145 147
147 148
146 150
150 154
149 151
151 155
152 153
153 156
148 157
154 157
155 157
156 157
157 158
157 161
157 163
157 164
158 159
159 160
161 162
162 166
163 165
165 167
164 168
168 169
160 170
166 170
167 170
169 170
170 171
170 172
170 176
170 179
171 173
173 174
172 175
175 178
176 177
177 180
179 181
181 182
174 183
178 183
180 183
182 183
183 184
183 186
183 190
183 193
184 185
185 188
186 187
187 189
190 191
191 192
193 194
194 195
188 196
189 196
192 196
195 196
196 197
196 199
196 201
196 203
197 198
198 204
199 200
200 206
201 202
202 207
203 205
205 208
204 209
206 209
207 209
208 209
209 210
209 212
209 213
209 216
210 211
211 217
212 214
214 219
213 215
215 220
216 218
218 221
217 222
219 222
220 222
221 222
222 223
222 224
222 228
222 229
223 225
225 227
224 226
226 231
228 230
230 233
229 232
232 234
227 235
231 235
233 235
234 235
235 236
235 238
235 239
235 242
236 237
237 241
238 240
240 244
239 243
243 246
242 245
245 247
241 248
244 248
246 248
247 248
248 249
248 250
248 251
248 254
249 252
252 256
250 253
253 257
251 255
255 258
254 259
259 260
256 261
257 261
258 261
260 261
261 262
261 263
261 265
261 266
262 264
264 269
263 267
267 271
265 268
268 272
266 270
270 273
269 274
271 274
272 274
273 274
274 275
274 276
274 277
274 278
275 279
279 282
276 280
280 283
277 281
281 284
278 285
285 286
282 287
283 287
284 287
286 287
287 288
287 290
287 293
287 295
288 289
289 292
290 291
291 296
293 294
294 298
295 297
297 299
292 300
296 300
298 300
299 300
300 301
300 303
300 306
300 307
301 302
302 305
303 304
304 310
306 308
308 311
307 309
309 312
305 313
310 313
311 313
312 313
313 314
313 315
313 316
313 318
314 317
317 321
315 319
319 323
316 320
320 324
318 322
322 325
321 326
323 326
324 326
325 326
326 327
326 328
326 329
326 335
327 330
330 331
328 332
332 333
329 334
334 337
335 336
336 338
331 339
333 339
337 339
338 339
339 340
339 341
339 342
339 346
340 343
343 345
341 344
344 348
342 347
347 350
346 349
349 351
345 352
348 352
350 352
351 352
352 353
352 354
352 358
352 361
353 355
355 356
354 357
357 360
358 359
359 362
361 363
363 364
356 365
360 365
362 365
364 365
365 366
365 367
365 370
365 372
366 368
368 371
367 369
369 373
370 374
374 376
372 375
375 377
371 378
373 378
376 378
377 378
378 379
378 381
378 384
378 388
379 380
380 382
381 383
383 385
384 386
386 387
388 389
389 390
382 391
385 391
387 391
390 391
391 394
391 397
391 399
394 395
395 396
397 400
400 401
401 404
399 402
402 403
403 405
408 412
412 415
409 410
410 414
414 417
411 413
413 416
416 418
396 408
404 409
405 411
421 425
425 428
422 424
424 427
427 429
423 426
426 430
430 431
415 421
417 422
418 423
433 438
438 441
434 436
436 439
439 443
437 440
440 442
442 444
428 433
429 434
431 437
446 450
450 452
448 449
449 451
451 454
453 455
455 456
456 457
441 446
443 448
444 453
460 461
461 466
462 464
464 467
467 469
463 465
465 468
468 470
452 460
454 462
457 463
474 476
476 478
473 475
475 477
477 479
480 481
481 482
482 483
466 474
469 473
470 480
485 487
487 489
486 488
488 491
491 494
492 493
493 495
495 496
478 485
479 486
483 492
498 499
499 502
500 501
501 503
503 508
504 506
506 507
507 509
489 498
494 500
496 504
511 513
513 515
512 514
514 517
517 520
518 519
519 521
521 522
502 511
508 512
509 518
527 529
529 533
525 528
528 530
530 534
526 531
531 532
532 535
515 527
520 525
522 526
537 538
538 541
539 542
542 543
543 545
540 546
546 547
547 548
533 537
534 539
535 540
550 553
553 555
551 554
554 557
557 560
552 558
558 559
559 561
541 550
545 551
548 552
563 564
564 571
565 567
567 569
569 573
566 570
570 572
572 574
555 563
560 565
561 566
578 582
582 585
577 579
579 583
583 586
580 581
581 584
584 587
571 578
573 577
574 580
589 593
593 595
590 592
592 594
594 597
596 598
598 599
599 600
585 589
586 590
587 596
602 604
604 605
603 606
606 607
607 610
609 611
611 612
612 613
595 602
597 603
600 609
615 616
616 621
617 618
618 622
622 624
619 623
623 625
625 626
605 615
610 617
613 619
628 630
630 634
629 632
632 635
635 637
633 636
636 638
638 639
621 628
624 629
626 633
641 642
642 643
644 645
645 647
647 651
648 649
649 650
650 652
634 641
637 644
639 648
654 657
657 658
656 659
659 660
660 662
661 663
663 664
664 665
643 654
651 656
652 661
667 669
669 670
671 672
672 673
673 677
674 675
675 676
676 678
658 667
662 671
665 674
680 682
682 685
681 683
683 686
686 689
684 688
688 690
690 691
670 680
677 681
678 684
693 698
698 699
694 696
696 700
700 701
697 702
702 703
703 704
685 693
689 694
691 697
706 707
707 710
709 711
711 712
712 714
713 715
715 716
716 717
699 706
701 709
704 713
719 720
720 721
722 724
724 726
726 728
723 725
725 729
729 730
710 719
714 722
717 723
732 733
733 738
735 736
736 739
739 741
737 740
740 742
742 743
721 732
728 735
730 737
746 750
750 753
747 749
749 751
751 755
748 752
752 754
754 756
738 746
741 747
743 748
758 759
759 762
760 761
761 766
766 767
763 765
765 768
768 769
753 758
755 760
756 763
771 773
773 780
772 775
775 778
778 781
774 777
777 779
779 782
762 771
767 772
769 774
780 784
781 784
782 784
