363 1000
1 2
365 366
2 3
366 367
3 4
367 368
4 5
368 369
5 6
369 370
6 7
370 371
7 8
371 372
8 9
372 373
9 10
373 374
10 11
374 375
11 12
375 376
12 13
376 377
13 14
377 378
14 15
378 379
15 16
379 380
16 17
380 381
17 18
381 382
18 19
382 383
19 20
383 384
20 21
384 385
21 22
385 386
22 23
386 387
23 24
387 388
24 25
388 389
25 26
389 390
26 27
390 391
27 28
391 392
28 29
392 393
29 30
393 394
30 31
394 395
31 32
395 396
32 33
396 397
33 34
397 398
34 35
398 399
35 36
399 400
36 37
400 401
37 38
401 402
38 39
402 403
39 40
403 404
40 41
404 405
41 42
405 406
42 43
406 407
43 44
407 408
44 45
408 409
45 46
409 410
46 47
410 411
47 48
411 412
48 49
412 413
49 50
413 414
50 51
414 415
51 52
415 416
52 53
416 417
53 54
417 418
54 55
418 419
55 56
419 420
56 57
420 421
57 58
421 422
58 59
422 423
59 60
423 424
60 61
424 425
61 62
425 426
62 63
426 427
63 64
427 428
64 65
428 429
65 66
429 430
66 67
430 431
67 68
431 432
68 69
432 433
69 70
433 434
70 71
434 435
71 72
435 436
72 73
436 437
73 74
437 438
74 75
438 439
75 76
439 440
76 77
440 441
77 78
441 442
78 79
442 443
79 80
443 444
80 81
444 445
81 82
445 446
82 83
446 447
83 84
447 448
84 85
448 449
85 86
449 450
86 87
450 451
87 88
451 452
88 89
452 453
89 90
453 454
90 91
454 455
91 92
455 456
92 93
456 457
93 94
457 458
94 95
458 459
95 96
459 460
96 97
460 461
97 98
461 462
98 99
462 463
99 100
463 464
100 101
464 465
101 102
465 466
102 103
466 467
103 104
467 468
104 105
468 469
105 106
469 470
106 107
470 471
107 108
471 472
108 109
472 473
109 110
473 474
110 111
474 475
111 112
475 476
112 113
476 477
113 114
477 478
114 115
478 479
115 116
479 480
116 117
480 481
117 118
481 482
118 119
482 483
119 120
483 484
120 121
484 485
121 122
485 486
122 123
486 487
123 124
487 488
124 125
488 489
125 126
489 490
126 127
490 491
127 128
491 492
128 129
492 493
129 130
493 494
130 131
494 495
131 132
495 496
132 133
496 497
133 134
497 498
134 135
498 499
135 136
499 500
136 137
500 501
137 138
501 502
138 139
502 503
139 140
503 504
140 141
504 505
141 142
505 506
142 143
506 507
143 144
507 508
144 145
508 509
145 146
509 510
146 147
510 511
147 148
511 512
148 149
512 513
149 150
513 514
150 151
514 515
151 152
515 516
152 153
516 517
153 154
517 518
154 155
518 519
155 156
519 520
156 157
520 521
157 158
521 522
158 159
522 523
159 160
523 524
160 161
524 525
161 162
525 526
162 163
526 527
163 164
527 528
164 165
528 529
165 166
529 530
166 167
530 531
167 168
531 532
168 169
532 533
169 170
533 534
170 171
534 535
171 172
535 536
172 173
536 537
173 174
537 538
174 175
538 539
175 176
539 540
176 177
540 541
177 178
541 542
178 179
542 543
179 180
543 544
180 181
544 545
181 182
545 546
182 183
546 547
183 184
547 548
184 185
548 549
185 186
549 550
186 187
550 551
187 188
551 552
188 189
552 553
189 190
553 554
190 191
554 555
191 192
555 556
192 193
556 557
193 194
557 558
194 195
558 559
195 196
559 560
196 197
560 561
197 198
561 562
198 199
562 563
199 200
563 564
200 201
564 565
201 202
565 566
202 203
566 567
203 204
567 568
204 205
568 569
205 206
569 570
206 207
570 571
207 208
571 572
208 209
572 573
209 210
573 574
210 211
574 575
211 212
575 576
212 213
576 577
213 214
577 578
214 215
578 579
215 216
579 580
216 217
580 581
217 218
581 582
218 219
582 583
219 220
583 584
220 221
584 585
221 222
585 586
222 223
586 587
223 224
587 588
224 225
588 589
225 226
589 590
226 227
590 591
227 228
591 592
228 229
592 593
229 230
593 594
230 231
594 595
231 232
595 596
232 233
596 597
233 234
597 598
234 235
598 599
235 236
599 600
236 237
600 601
237 238
601 602
238 239
602 603
239 240
603 604
240 241
604 605
241 242
605 606
242 243
606 607
243 244
607 608
244 245
608 609
245 246
609 610
246 247
610 611
247 248
611 612
248 249
612 613
249 250
613 614
250 251
614 615
251 252
615 616
252 253
616 617
253 254
617 618
254 255
618 619
255 256
619 620
256 257
620 621
257 258
621 622
258 259
622 623
259 260
623 624
260 261
624 625
261 262
625 626
262 263
626 627
263 264
627 628
264 265
628 629
265 266
629 630
266 267
630 631
267 268
631 632
268 269
632 633
269 270
633 634
270 271
634 635
271 272
635 636
272 273
636 637
273 274
637 638
274 275
638 639
275 276
639 640
276 277
640 641
277 278
641 642
278 279
642 643
279 280
643 644
280 281
644 645
281 282
645 646
282 283
646 647
283 284
647 648
284 285
648 649
285 286
649 650
286 287
650 651
287 288
651 652
288 289
652 653
289 290
653 654
290 291
654 655
291 292
655 656
292 293
656 657
293 294
657 658
294 295
658 659
295 296
659 660
296 297
660 661
297 298
661 662
298 299
662 663
299 300
663 664
300 301
664 665
301 302
665 666
302 303
666 667
303 304
667 668
304 305
668 669
305 306
669 670
306 307
670 671
307 308
671 672
308 309
672 673
309 310
673 674
310 311
674 675
311 312
675 676
312 313
676 677
313 314
677 678
314 315
678 679
315 316
679 680
316 317
680 681
317 318
681 682
318 319
682 683
319 320
683 684
320 321
684 685
321 322
685 686
322 323
686 687
323 324
687 688
324 325
688 689
325 326
689 690
326 327
690 691
327 328
691 692
328 329
692 693
329 330
693 694
330 331
694 695
331 332
695 696
332 333
696 697
333 334
697 698
334 335
698 699
335 336
699 700
336 337
700 701
337 338
701 702
338 339
702 703
339 340
703 704
340 341
704 705
341 342
705 706
342 343
706 707
343 344
707 708
344 345
708 709
345 346
709 710
346 347
710 711
347 348
711 712
348 349
712 713
349 350
713 714
350 351
714 715
351 352
715 716
352 353
716 717
353 354
717 718
354 355
718 719
355 356
719 720
356 357
720 721
357 358
721 722
358 359
722 723
359 360
723 724
360 361
724 725
361 362
725 726
339 547
72 415
337 448
222 382
251 451
362 722
244 468
303 458
326 412
135 463
332 498
266 479
337 405
323 606
74 423
238 554
312 422
247 582
211 455
145 382
111 419
294 376
149 371
284 531
156 433
238 510
213 475
56 379
299 373
336 655
282 394
321 651
200 415
126 421
291 613
335 590
110 371
63 412
284 596
150 471
326 470
171 401
317 640
219 522
336 382
126 375
332 564
231 435
139 438
310 635
277 545
179 506
232 546
183 503
146 482
236 376
239 512
359 505
356 437
235 461
181 510
299 380
201 386
355 463
299 607
188 462
338 673
237 463
359 456
313 447
230 578
298 400
323 461
360 697
316 442
250 556
332 610
51 392
38 387
291 448
264 566
317 642
230 389
266 594
321 625
155 412
198 410
308 618
306 527
230 393
353 603
165 483
216 394
87 374
266 527
359 695
286 515
191 396
338 440
277 517
357 630
34 383
310 570
48 390
324 394
269 507
83 418
315 437
29 368
97 389
349 515
233 543
210 385
139 462
308 389
148 447
338 536
180 420
219 404
311 511
353 580
348 609
101 394
332 566
108 461
330 366
70 422
343 485
305 372
242 381
98 371
110 385
48 387
282 511
93 408
306 557
297 407
153 402
256 528
189 489
113 383
89 376
309 440
85 402
342 528
229 505
315 462
145 500
258 595
353 572
247 417
326 582
107 445
89 370
315 651
231 453
252 585
196 551
71 433
291 486
282 599
303 464
74 394
286 471
310 568
174 421
260 464
180 448
176 504
165 435
349 367
225 419
310 495
136 383
350 445
196 395
304 607
349 554
345 674
249 557
233 492
177 428
266 593
163 437
333 442
330 486
247 485
352 617
207 388
161 379
220 447
78 440
136 460
193 406
191 547
158 435
241 399
226 468
127 467
284 433
273 459
199 460
340 429
252 400
192 523
213 371
304 443
164 489
156 503
276 465
308 522
142 465
131 439
298 457
213 547
160 463
341 637
267 415
361 366
160 469
130 451
233 390
336 428
219 449
330 424
301 513
255 554
355 510
303 605
342 687
131 460
358 671
275 568
358 617
362 454
217 528
95 405
211 497
18 370
354 466
248 513
308 590
350 696
310 439
311 643
256 422
135 369
125 423
81 399
179 469
343 659
313 605
311 652
179 492
342 670
177 527
202 498
308 399
266 506
336 399
311 404
74 373
166 475
304 557
295 451
221 476
328 655
337 509
252 466
327 523
203 526
206 488
304 647
362 701
181 515
143 427
206 559
357 391
