364 781
727 728
725 728
724 728
722 728
717 728
712 728
726 727
719 726
721 725
720 724
718 722
715 721
714 720
716 719
707 718
710 717
709 716
713 715
711 714
708 713
705 712
701 711
706 710
696 709
696 708
704 707
702 706
703 705
700 704
698 703
699 702
696 701
696 700
696 699
697 698
696 697
694 696
693 696
691 696
689 696
688 696
683 696
692 694
685 693
690 692
684 691
686 690
681 689
679 688
678 686
682 685
680 684
674 683
676 682
677 681
673 680
672 679
663 678
671 677
675 676
663 675
668 674
669 673
670 672
667 671
665 670
663 669
666 668
663 667
664 666
663 665
663 664
661 663
660 663
656 663
650 663
648 663
638 663
659 661
657 660
658 659
653 658
655 657
654 656
651 655
647 654
652 653
630 652
644 651
646 650
642 648
645 647
643 646
640 645
630 644
639 643
641 642
637 641
630 640
633 639
636 638
632 637
635 636
634 635
631 634
630 633
630 632
630 631
628 630
625 630
623 630
620 630
615 630
611 630
627 628
626 627
622 626
621 625
617 623
619 622
618 621
616 620
597 619
613 618
614 617
612 616
610 615
606 614
608 613
605 612
607 611
609 610
603 609
597 608
601 607
604 606
602 605
597 604
600 603
597 602
599 601
597 600
598 599
597 598
595 597
592 597
591 597
588 597
587 597
577 597
594 595
593 594
585 593
590 592
584 591
589 590
580 589
583 588
575 587
582 585
581 584
579 583
564 582
576 581
578 580
572 579
564 578
573 577
574 576
570 575
564 574
568 573
571 572
564 571
569 570
567 569
566 568
564 567
565 566
564 565
562 564
561 564
559 564
558 564
549 564
543 564
560 562
557 561
556 560
554 559
550 558
553 557
555 556
546 555
551 554
552 553
544 552
547 551
542 550
545 549
540 547
531 546
541 545
531 544
538 543
539 542
537 541
531 540
534 539
536 538
533 537
535 536
532 535
531 534
531 533
531 532
529 531
526 531
525 531
522 531
518 531
509 531
528 529
527 528
520 527
524 526
523 525
521 524
519 523
514 522
515 521
516 520
511 519
513 518
498 516
512 515
510 514
508 513
498 512
507 511
504 510
506 509
502 508
498 507
505 506
501 505
503 504
498 503
500 502
499 501
498 500
498 499
496 498
493 498
491 498
485 498
482 498
480 498
495 496
494 495
489 494
492 493
490 492
487 491
488 490
484 489
481 488
486 487
476 486
483 485
465 484
478 483
477 482
465 481
475 480
472 478
474 477
473 476
469 475
471 474
465 473
470 472
468 471
465 470
467 469
465 468
466 467
465 466
463 465
461 465
460 465
459 465
449 465
444 465
462 463
456 462
457 461
455 460
451 459
453 457
454 456
452 455
446 454
450 453
443 452
448 451
445 450
447 449
440 448
442 447
432 446
432 445
439 444
441 443
438 442
432 441
437 440
435 439
436 438
432 437
432 436
434 435
433 434
432 433
430 432
429 432
428 432
425 432
419 432
407 432
427 430
426 429
423 428
424 427
416 426
420 425
422 424
415 423
421 422
399 421
414 420
417 419
411 417
413 416
412 415
409 414
410 413
408 412
406 411
399 410
405 409
399 408
404 407
401 406
399 405
403 404
402 403
400 402
399 401
399 400
397 399
395 399
392 399
387 399
386 399
383 399
394 397
390 395
393 394
391 393
388 392
384 391
389 390
381 389
385 388
382 387
377 386
378 385
366 384
375 383
379 382
380 381
366 380
373 379
376 378
374 377
366 376
371 375
372 374
370 373
369 372
368 371
366 370
366 369
367 368
366 367
363 366
362 366
355 366
352 366
345 366
361 363
357 362
359 361
358 359
353 358
356 357
354 356
351 355
346 354
348 353
349 352
350 351
343 350
347 349
331 348
340 347
341 346
344 345
337 344
342 343
339 342
331 341
338 340
331 339
334 338
336 337
335 336
333 335
331 334
331 333
330 331
328 331
326 331
322 331
314 331
329 330
327 329
321 328
325 327
318 326
323 325
319 323
312 322
320 321
317 320
298 319
316 318
315 317
313 316
310 315
311 314
308 313
309 312
305 311
298 310
307 309
304 308
306 307
302 306
303 305
298 304
301 303
298 302
300 301
298 300
297 298
295 298
294 298
289 298
288 298
296 297
292 296
293 295
291 294
290 293
285 292
283 291
282 290
287 289
280 288
281 287
284 285
274 284
279 283
278 282
275 281
276 280
277 279
272 278
271 277
269 276
273 275
265 274
270 273
265 272
265 271
265 270
268 269
267 268
265 267
264 265
263 265
262 265
258 265
255 265
260 264
257 263
254 262
259 260
256 259
249 258
253 257
251 256
244 255
250 254
252 253
246 252
247 251
248 250
242 249
245 248
232 247
243 246
237 245
240 244
232 243
241 242
239 241
238 240
235 239
236 238
232 237
234 236
232 235
232 234
231 232
230 232
229 232
221 232
218 232
228 231
226 230
225 229
227 228
224 227
220 226
217 225
222 224
213 222
216 221
219 220
211 219
214 218
215 217
212 216
206 215
210 214
199 213
208 212
209 211
207 210
199 209
205 208
203 207
204 206
202 205
199 204
201 203
199 202
199 201
198 199
196 199
192 199
191 199
182 199
197 198
195 197
193 196
194 195
184 194
190 193
189 192
188 191
186 190
187 189
183 188
178 187
181 186
179 184
175 183
180 182
174 181
176 180
166 179
177 178
172 177
170 176
173 175
166 174
171 173
166 172
166 171
169 170
168 169
166 168
165 166
164 166
163 166
156 166
152 166
162 165
160 164
157 163
161 162
158 161
159 160
150 159
153 158
155 157
151 156
146 155
145 153
148 152
147 151
149 150
142 149
143 148
140 147
144 146
133 145
141 144
139 143
133 142
133 141
138 140
136 139
137 138
133 137
135 136
133 135
132 133
131 133
130 133
125 133
120 133
129 132
128 131
126 130
127 129
123 128
121 127
122 126
124 125
112 124
119 123
114 122
118 121
117 120
113 119
115 118
109 117
100 115
110 114
111 113
108 112
100 111
105 110
106 109
107 108
103 107
104 106
100 105
102 104
100 103
100 102
99 100
98 100
92 100
90 100
82 100
97 99
93 98
96 97
94 96
85 94
91 93
89 92
87 91
86 90
88 89
84 88
83 87
79 86
80 85
78 84
75 83
81 82
77 81
67 80
76 79
71 78
73 77
74 76
67 75
70 74
72 73
69 72
67 71
67 70
67 69
66 67
63 67
60 67
58 67
57 67
65 66
64 65
61 64
62 63
59 62
54 61
52 60
56 59
49 58
46 57
53 56
43 54
40 53
51 52
50 51
47 50
48 49
45 48
39 47
44 46
42 45
41 44
34 43
38 42
37 41
34 40
34 39
34 38
36 37
34 36
32 34
30 34
29 34
27 34
20 34
31 32
28 31
26 30
25 29
23 28
17 27
24 26
21 25
18 24
22 23
19 22
15 21
16 20
1 19
13 18
14 17
12 16
10 15
9 14
11 13
6 12
1 11
7 10
8 9
4 8
1 7
5 6
3 5
1 4
1 3
