444 991
1 2
1 3
1 8
1 10
1 11
1 14
1 15
1 19
1 26
1 27
1 30
2 4
4 6
3 5
5 7
8 9
9 16
10 12
12 17
11 13
13 18
14 20
20 21
15 22
22 23
19 24
24 25
26 28
28 29
27 31
31 33
30 32
32 34
6 35
7 35
16 35
17 35
18 35
21 35
23 35
25 35
29 35
33 35
34 35
35 36
35 38
35 40
35 42
35 44
35 50
35 51
35 53
35 54
35 62
35 65
36 37
37 41
38 39
39 46
40 43
43 47
42 45
45 48
44 49
49 55
50 52
52 56
51 57
57 58
53 59
59 61
54 60
60 64
62 63
63 66
65 67
67 68
41 69
46 69
47 69
48 69
55 69
56 69
58 69
61 69
64 69
66 69
68 69
69 70
69 72
69 73
69 74
69 75
69 76
69 79
69 82
69 84
69 85
69 87
70 71
71 81
72 77
77 83
73 78
78 88
74 80
80 89
75 86
86 93
76 90
90 94
79 91
91 97
82 92
92 99
84 95
95 100
85 96
96 101
87 98
98 102
81 103
83 103
88 103
89 103
93 103
94 103
97 103
99 103
100 103
101 103
102 103
103 104
103 105
103 106
103 111
103 112
103 115
103 117
103 120
103 127
103 129
103 134
104 107
107 110
105 108
108 114
106 109
109 116
111 113
113 121
112 118
118 122
115 119
119 123
117 124
124 125
120 126
126 128
127 130
130 131
129 132
132 133
134 135
135 136
110 137
114 137
116 137
121 137
122 137
123 137
125 137
128 137
131 137
133 137
136 137
137 138
137 140
137 141
137 143
137 144
137 146
137 153
137 156
137 158
137 164
137 166
138 139
139 142
140 145
145 149
141 147
147 151
143 148
148 152
144 150
150 157
146 154
154 160
153 155
155 161
156 159
159 162
158 163
163 167
164 165
165 169
166 168
168 170
142 171
149 171
151 171
152 171
157 171
160 171
161 171
162 171
167 171
169 171
170 171
171 172
171 173
171 175
171 177
171 181
171 183
171 185
171 190
171 193
171 195
171 198
172 174
174 179
173 176
176 180
175 178
178 184
177 182
182 187
181 186
186 192
183 188
188 194
185 189
189 196
190 191
191 197
193 199
199 201
195 200
200 202
198 203
203 204
179 205
180 205
184 205
187 205
192 205
194 205
196 205
197 205
201 205
202 205
204 205
205 206
205 207
205 210
205 211
205 214
205 219
205 220
205 222
205 226
205 227
205 234
206 208
208 213
207 209
209 215
210 212
212 216
211 217
217 221
214 218
218 223
219 224
224 225
220 228
228 231
222 229
229 233
226 230
230 236
227 232
232 237
234 235
235 238
213 239
215 239
216 239
221 239
223 239
225 239
231 239
233 239
236 239
237 239
238 239
239 240
239 241
239 244
239 246
239 250
239 251
239 254
239 256
239 259
239 262
239 264
240 242
242 245
241 243
243 247
244 248
248 249
246 252
252 253
250 255
255 260
251 257
257 261
254 258
258 267
256 263
263 268
259 265
265 269
262 266
266 271
264 270
270 272
245 273
247 273
249 273
253 273
260 273
261 273
267 273
268 273
269 273
271 273
272 273
273 274
273 275
273 277
273 279
273 283
273 286
273 289
273 292
273 293
273 296
273 298
274 276
276 281
275 278
278 282
277 280
280 287
279 284
284 290
283 285
285 291
286 288
288 294
289 295
295 297
292 299
299 300
293 301
301 302
296 303
303 305
298 304
304 306
281 307
282 307
287 307
290 307
291 307
294 307
297 307
300 307
302 307
305 307
306 307
307 308
307 309
307 311
307 313
307 316
307 317
307 318
307 323
307 325
307 328
307 331
308 310
310 315
309 312
312 321
311 314
314 322
313 319
319 326
316 320
320 327
317 324
324 329
318 330
330 335
323 332
332 336
325 333
333 337
328 334
334 338
331 339
339 340
315 341
321 341
322 341
326 341
327 341
329 341
335 341
336 341
337 341
338 341
340 341
341 342
341 344
341 345
341 346
341 347
341 355
341 357
341 359
341 361
341 364
341 367
342 343
343 349
344 348
348 351
345 350
350 354
346 352
352 356
347 353
353 358
355 360
360 366
357 362
362 368
359 363
363 369
361 365
365 371
364 370
370 372
367 373
373 374
349 375
351 375
354 375
356 375
358 375
366 375
368 375
369 375
371 375
372 375
374 375
375 376
375 378
375 380
375 383
375 384
375 388
375 392
375 393
375 395
375 396
375 402
376 377
377 379
378 381
381 385
380 382
382 390
383 386
386 391
384 387
387 397
388 389
389 399
392 394
394 400
393 398
398 403
395 401
401 406
396 404
404 407
402 405
405 408
379 409
385 409
390 409
391 409
397 409
399 409
400 409
403 409
406 409
407 409
408 409
409 410
409 411
409 412
409 413
409 415
409 416
409 421
409 429
409 433
409 434
409 435
410 414
414 418
411 417
417 420
412 419
419 423
413 422
422 424
415 425
425 427
416 426
426 428
421 430
430 432
429 431
431 438
433 436
436 439
434 437
437 440
435 441
441 442
418 443
420 443
423 443
424 443
427 443
428 443
432 443
438 443
439 443
440 443
442 443
443 446
443 448
443 450
446 447
447 452
452 454
454 455
455 458
458 459
459 463
463 470
470 471
471 474
448 453
453 456
456 457
457 464
464 466
466 468
468 472
472 475
475 476
450 451
451 460
460 461
461 462
462 465
465 467
467 469
469 473
473 477
477 478
480 482
482 484
484 486
486 488
488 494
494 495
495 497
497 498
498 506
506 509
481 483
483 487
487 493
493 496
496 501
501 503
503 504
504 507
507 511
485 490
490 491
491 492
492 499
499 500
500 502
502 505
505 508
508 510
510 512
474 480
476 481
478 485
514 516
516 517
517 518
518 519
519 520
520 523
523 526
526 528
528 529
529 531
515 521
521 522
522 524
524 530
530 534
534 535
535 536
536 540
540 542
525 527
527 532
532 533
533 537
537 538
538 541
541 543
543 544
544 545
545 546
509 514
511 515
512 525
548 549
549 550
550 555
555 556
556 559
559 561
561 564
564 571
571 573
573 578
551 552
552 553
553 557
557 563
563 568
568 570
570 574
574 576
576 579
554 558
558 560
560 565
565 566
566 567
567 569
569 572
572 575
575 577
577 580
531 548
542 551
546 554
582 584
584 585
585 587
587 588
588 590
590 597
597 600
600 602
602 608
608 610
583 589
589 591
591 592
592 594
594 598
598 599
599 603
603 607
607 609
586 593
593 595
595 596
596 601
601 604
604 605
605 606
606 611
611 613
613 614
578 582
579 583
580 586
616 617
617 619
619 621
621 625
625 627
627 629
629 634
634 637
637 639
639 642
618 620
620 626
626 630
630 632
632 633
633 635
635 643
643 644
644 647
623 624
624 628
628 631
631 636
636 638
638 640
640 641
641 645
645 646
646 648
610 616
609 618
614 623
650 651
651 654
654 655
655 658
658 663
663 664
664 666
666 670
670 671
671 678
652 653
653 656
656 661
661 662
662 668
668 672
672 674
674 676
676 679
657 659
659 660
660 665
665 667
667 669
669 675
675 677
677 680
680 681
681 682
642 650
647 652
648 657
684 685
685 688
688 690
690 694
694 695
695 698
698 700
700 703
703 706
706 708
686 687
687 692
692 696
696 701
701 702
702 707
707 709
709 710
710 714
689 691
691 693
693 697
697 704
704 705
705 711
711 712
712 713
713 715
715 716
678 684
679 686
682 689
718 719
719 721
721 723
723 727
727 730
730 733
733 736
736 737
737 740
740 742
720 722
722 724
724 729
729 732
732 739
739 743
743 745
745 747
747 748
725 726
726 731
731 734
734 735
735 738
738 741
741 744
744 746
746 749
749 750
708 718
714 720
716 725
752 753
753 755
755 757
757 760
760 761
761 762
762 767
767 769
769 772
772 775
754 756
756 763
763 764
764 768
768 774
774 776
776 777
777 778
778 783
759 765
765 766
766 770
770 771
771 773
773 779
779 780
780 781
781 782
782 784
742 752
748 754
750 759
786 788
788 789
789 790
790 791
791 799
799 801
801 803
803 805
805 808
808 811
787 792
792 796
796 797
797 804
804 806
806 807
807 809
809 814
814 817
793 795
795 798
798 800
800 802
802 810
810 812
812 813
813 815
815 816
816 818
775 786
783 787
784 793
820 822
822 824
824 827
827 828
828 832
832 836
836 837
837 839
839 840
840 846
821 825
825 826
826 830
830 831
831 833
833 838
838 842
842 845
845 848
823 829
829 834
834 835
835 841
841 843
843 844
844 847
847 850
850 851
851 852
811 820
817 821
818 823
854 855
855 856
856 857
857 859
859 860
860 865
865 873
873 877
877 878
878 879
858 861
861 863
863 866
866 869
869 870
870 874
874 875
875 880
880 881
862 864
864 867
867 868
868 871
871 872
872 876
876 882
882 883
883 884
884 886
846 854
848 858
852 862
879 888
881 888
886 888
