250 200
441 492
60 421
32 421
252 382
147 316
133 340
108 340
348 366
353 426
169 386
352 377
322 476
444 460
433 457
240 487
453 479
8 298
153 201
142 499
120 349
308 361
27 34
458 498
407 416
285 373
91 300
499 500
293 313
208 431
46 149
185 228
347 454
440 452
208 405
81 383
86 404
373 464
100 301
177 448
477 482
121 177
161 355
227 344
186 341
412 447
59 443
365 407
493 495
247 431
269 444
446 467
352 484
440 445
195 241
2 467
84 405
73 119
85 334
162 453
298 462
172 252
148 450
473 474
134 368
229 366
121 300
116 391
329 439
374 396
458 483
20 394
343 462
317 325
375 412
288 446
424 432
113 439
49 457
413 459
133 384
377 496
309 364
342 499
206 384
374 468
450 451
233 500
39 258
210 221
473 497
414 420
210 237
281 402
137 182
435 443
269 389
239 264
377 487
301 411
416 450
82 399
269 486
145 322
361 493
65 249
74 273
447 492
423 492
477 497
227 352
311 380
491 497
360 410
441 444
175 464
380 438
174 196
353 489
447 466
6 310
118 411
105 137
467 494
69 158
422 480
50 140
27 299
275 284
293 331
88 326
238 324
330 388
209 322
281 451
239 380
315 489
81 253
287 318
13 444
103 201
294 339
262 434
333 346
213 344
438 478
461 482
265 460
161 491
333 467
342 472
491 494
427 454
353 441
395 413
317 361
456 461
113 249
155 167
55 87
270 475
381 414
133 349
307 417
340 403
482 495
361 498
268 400
12 297
417 500
411 426
285 301
337 342
69 197
407 431
352 445
104 139
202 423
74 281
256 410
471 487
25 258
202 228
426 433
121 175
74 475
474 494
127 346
302 415
156 231
258 358
138 338
398 463
13 260
317 397
226 400
358 360
173 317
253 257
476 486
231 386
