300 1000
1 2
302 303
2 3
303 304
3 4
304 305
4 5
305 306
5 6
306 307
6 7
307 308
7 8
308 309
8 9
309 310
9 10
310 311
10 11
311 312
11 12
312 313
12 13
313 314
13 14
314 315
14 15
315 316
15 16
316 317
16 17
317 318
17 18
318 319
18 19
319 320
19 20
320 321
20 21
321 322
21 22
322 323
22 23
323 324
23 24
324 325
24 25
325 326
25 26
326 327
26 27
327 328
27 28
328 329
28 29
329 330
29 30
330 331
30 31
331 332
31 32
332 333
32 33
333 334
33 34
334 335
34 35
335 336
35 36
336 337
36 37
337 338
37 38
338 339
38 39
339 340
39 40
340 341
40 41
341 342
41 42
342 343
42 43
343 344
43 44
344 345
44 45
345 346
45 46
346 347
46 47
347 348
47 48
348 349
48 49
349 350
49 50
350 351
50 51
351 352
51 52
352 353
52 53
353 354
53 54
354 355
54 55
355 356
55 56
356 357
56 57
357 358
57 58
358 359
58 59
359 360
59 60
360 361
60 61
361 362
61 62
362 363
62 63
363 364
63 64
364 365
64 65
365 366
65 66
366 367
66 67
367 368
67 68
368 369
68 69
369 370
69 70
370 371
70 71
371 372
71 72
372 373
72 73
373 374
73 74
374 375
74 75
375 376
75 76
376 377
76 77
377 378
77 78
378 379
78 79
379 380
79 80
380 381
80 81
381 382
81 82
382 383
82 83
383 384
83 84
384 385
84 85
385 386
85 86
386 387
86 87
387 388
87 88
388 389
88 89
389 390
89 90
390 391
90 91
391 392
91 92
392 393
92 93
393 394
93 94
394 395
94 95
395 396
95 96
396 397
96 97
397 398
97 98
398 399
98 99
399 400
99 100
400 401
100 101
401 402
101 102
402 403
102 103
403 404
103 104
404 405
104 105
405 406
105 106
406 407
106 107
407 408
107 108
408 409
108 109
409 410
109 110
410 411
110 111
411 412
111 112
412 413
112 113
413 414
113 114
414 415
114 115
415 416
115 116
416 417
116 117
417 418
117 118
418 419
118 119
419 420
119 120
420 421
120 121
421 422
121 122
422 423
122 123
423 424
123 124
424 425
124 125
425 426
125 126
426 427
126 127
427 428
127 128
428 429
128 129
429 430
129 130
430 431
130 131
431 432
131 132
432 433
132 133
433 434
133 134
434 435
134 135
435 436
135 136
436 437
136 137
437 438
137 138
438 439
138 139
439 440
139 140
440 441
140 141
441 442
141 142
442 443
142 143
443 444
143 144
444 445
144 145
445 446
145 146
446 447
146 147
447 448
147 148
448 449
148 149
449 450
149 150
450 451
150 151
451 452
151 152
452 453
152 153
453 454
153 154
454 455
154 155
455 456
155 156
456 457
156 157
457 458
157 158
458 459
158 159
459 460
159 160
460 461
160 161
461 462
161 162
462 463
162 163
463 464
163 164
464 465
164 165
465 466
165 166
466 467
166 167
467 468
167 168
468 469
168 169
469 470
169 170
470 471
170 171
471 472
171 172
472 473
172 173
473 474
173 174
474 475
174 175
475 476
175 176
476 477
176 177
477 478
177 178
478 479
178 179
479 480
179 180
480 481
180 181
481 482
181 182
482 483
182 183
483 484
183 184
484 485
184 185
485 486
185 186
486 487
186 187
487 488
187 188
488 489
188 189
489 490
189 190
490 491
190 191
491 492
191 192
492 493
192 193
493 494
193 194
494 495
194 195
495 496
195 196
496 497
196 197
497 498
197 198
498 499
198 199
499 500
199 200
500 501
200 201
501 502
201 202
502 503
202 203
503 504
203 204
504 505
204 205
505 506
205 206
506 507
206 207
507 508
207 208
508 509
208 209
509 510
209 210
510 511
210 211
511 512
211 212
512 513
212 213
513 514
213 214
514 515
214 215
515 516
215 216
516 517
216 217
517 518
217 218
518 519
218 219
519 520
219 220
520 521
220 221
521 522
221 222
522 523
222 223
523 524
223 224
524 525
224 225
525 526
225 226
526 527
226 227
527 528
227 228
528 529
228 229
529 530
229 230
530 531
230 231
531 532
231 232
532 533
232 233
533 534
233 234
534 535
234 235
535 536
235 236
536 537
236 237
537 538
237 238
538 539
238 239
539 540
239 240
540 541
240 241
541 542
241 242
542 543
242 243
543 544
243 244
544 545
244 245
545 546
245 246
546 547
246 247
547 548
247 248
548 549
248 249
549 550
249 250
550 551
250 251
551 552
251 252
552 553
252 253
553 554
253 254
554 555
254 255
555 556
255 256
556 557
256 257
557 558
257 258
558 559
258 259
559 560
259 260
560 561
260 261
561 562
261 262
562 563
262 263
563 564
263 264
564 565
264 265
565 566
265 266
566 567
266 267
567 568
267 268
568 569
268 269
569 570
269 270
570 571
270 271
571 572
271 272
572 573
272 273
573 574
273 274
574 575
274 275
575 576
275 276
576 577
276 277
577 578
277 278
578 579
278 279
579 580
279 280
580 581
280 281
581 582
281 282
582 583
282 283
583 584
283 284
584 585
284 285
585 586
285 286
586 587
286 287
587 588
287 288
588 589
288 289
589 590
289 290
590 591
290 291
591 592
291 292
592 593
292 293
593 594
293 294
594 595
294 295
595 596
295 296
596 597
296 297
597 598
297 298
598 599
298 299
599 600
172 461
254 455
19 314
148 399
27 316
275 451
250 348
60 307
188 350
194 320
266 522
259 354
290 431
133 348
195 318
260 412
106 348
102 323
32 324
293 360
155 307
114 396
160 413
67 323
198 445
181 308
111 378
271 351
129 413
108 351
202 448
103 360
227 429
251 398
216 449
235 428
165 439
230 329
195 372
128 366
231 399
251 392
245 360
283 335
78 308
232 494
216 448
170 447
44 302
220 385
293 357
106 334
294 537
26 310
285 308
202 494
227 376
273 361
206 375
243 434
188 398
187 397
222 375
174 436
252 340
238 513
161 312
218 349
139 371
289 353
106 385
249 520
208 325
282 501
285 305
172 402
206 420
227 430
253 459
273 343
123 325
194 382
99 313
153 443
222 501
278 376
95 391
92 379
198 466
175 410
78 337
266 515
293 431
17 314
175 402
222 365
264 337
148 363
86 371
32 320
222 445
90 323
71 359
285 382
110 324
239 488
285 498
168 319
158 340
225 489
242 470
257 547
40 313
189 488
184 414
298 370
112 313
268 527
280 408
180 418
259 470
203 357
149 351
290 379
195 402
272 389
184 317
182 458
26 315
246 398
216 459
133 364
204 468
211 383
281 394
250 404
185 447
161 411
72 309
142 398
232 465
143 360
293 499
121 413
185 451
284 540
151 302
152 400
279 422
296 531
289 488
265 352
147 343
201 451
261 442
205 480
72 328
290 532
286 518
224 513
279 393
182 309
148 419
207 323
187 313
222 516
250 369
105 369
292 368
279 306
69 308
171 425
276 476
281 574
35 315
204 474
172 460
68 343
29 317
264 340
212 468
258 395
243 436
109 330
249 474
208 470
127 368
191 310
23 310
293 415
192 419
169 415
160 402
297 341
221 373
270 515
87 308
275 444
228 443
130 331
202 353
241 462
297 573
133 426
223 465
279 391
283 503
170 353
79 325
199 339
200 398
89 308
274 419
296 335
268 520
197 408
176 475
203 420
286 345
187 413
226 467
222 315
249 383
175 372
143 325
249 467
192 392
172 439
293 329
274 302
185 407
169 418
177 364
283 579
241 308
284 546
288 569
249 501
149 356
203 423
180 420
286 526
210 333
209 351
154 431
295 444
140 341
207 366
267 426
106 332
214 477
167 396
137 334
287 415
175 390
203 402
66 354
131 329
280 469
85 353
233 395
87 333
97 392
274 519
298 503
175 316
225 495
138 380
198 341
294 503
262 556
173 406
166 430
214 320
106 399
291 490
244 436
278 447
126 307
249 377
211 496
261 309
206 456
247 461
212 420
214 446
195 308
183 380
209 421
121 414
155 341
268 440
156 363
286 474
61 354
158 361
219 474
134 373
294 332
224 521
197 456
286 575
226 396
258 515
188 362
243 363
118 353
280 312
121 342
217 490
253 532
252 303
137 429
225 426
219 491
237 527
58 334
204 451
73 364
233 432
94 324
217 383
276 431
132 414
143 310
221 434
220 394
267 479
174 390
168 450
117 314
120 346
250 360
159 392
254 535
120 415
223 496
203 499
182 454
228 339
234 450
278 561
263 314
234 517
245 526
226 504
236 420
298 422
182 303
289 384
243 477
141 348
149 428
258 457
272 447
228 354
144 381
270 369
104 313
234 531
251 305
190 313
188 468
157 436
212 314
218 512
182 389
188 335
287 480
204 397
177 327
282 520
213 382
293 403
253 349
158 440
149 306
270 403
216 311
297 516
258 413
288 359
173 310
115 350
198 468
47 316
236 349
294 450
151 372
290 410
159 394
257 459
75 348
292 457
178 385
179 420
106 404
253 546
244 462
100 376
283 311
199 327
252 372
294 533
