392 813
783 784
782 784
779 784
778 784
781 783
777 782
780 781
771 780
776 779
774 778
775 777
773 776
771 775
772 774
771 773
771 772
770 771
769 771
768 771
762 771
767 770
765 769
764 768
766 767
758 766
763 765
761 764
758 763
760 762
758 761
759 760
758 759
757 758
755 758
753 758
751 758
756 757
754 756
752 755
745 754
750 753
749 752
748 751
747 750
745 749
746 748
745 747
745 746
744 745
743 745
740 745
739 745
742 744
741 743
737 742
736 741
738 740
734 739
735 738
732 737
732 736
732 735
733 734
732 733
731 732
729 732
728 732
726 732
730 731
727 730
725 729
723 728
719 727
722 726
724 725
719 724
721 723
720 722
719 721
719 720
718 719
717 719
714 719
712 719
716 718
715 717
711 716
710 715
713 714
709 713
708 712
706 711
706 710
706 709
707 708
706 707
705 706
703 706
702 706
700 706
704 705
698 704
701 703
699 702
697 701
696 700
695 699
693 698
693 697
694 696
693 695
693 694
692 693
690 693
688 693
685 693
691 692
689 691
687 690
680 689
684 688
686 687
680 686
682 685
683 684
680 683
681 682
680 681
679 680
678 680
676 680
673 680
677 679
675 678
671 677
674 676
670 675
669 674
672 673
668 672
667 671
667 670
667 669
667 668
666 667
665 667
663 667
661 667
664 666
660 665
662 664
658 663
654 662
656 661
659 660
654 659
657 658
654 657
655 656
654 655
653 654
651 654
650 654
646 654
652 653
648 652
649 651
647 650
644 649
641 648
643 647
645 646
642 645
641 644
641 643
641 642
640 641
639 641
637 641
634 641
638 640
636 639
635 638
632 637
633 636
628 635
631 634
628 633
630 632
629 631
628 630
628 629
627 628
626 628
625 628
623 628
624 627
622 626
621 625
620 624
619 623
618 622
617 621
615 620
616 619
615 618
615 617
615 616
614 615
612 615
609 615
607 615
613 614
611 613
610 612
602 611
606 610
608 609
604 608
605 607
602 606
603 605
602 604
602 603
601 602
599 602
597 602
596 602
600 601
595 600
598 599
593 598
594 597
592 596
589 595
591 594
589 593
590 592
589 591
589 590
588 589
586 589
585 589
581 589
587 588
582 587
584 586
583 585
579 584
578 583
576 582
580 581
577 580
576 579
576 578
576 577
575 576
573 576
571 576
567 576
574 575
570 574
572 573
569 572
568 571
563 570
563 569
565 568
566 567
564 566
563 565
563 564
562 563
561 563
559 563
558 563
560 562
556 561
557 560
555 559
553 558
550 557
554 556
552 555
550 554
551 553
550 552
550 551
549 550
546 550
545 550
544 550
548 549
547 548
537 547
543 546
542 545
539 544
541 543
540 542
537 541
537 540
538 539
537 538
536 537
535 537
534 537
533 537
532 536
531 535
529 534
526 533
530 532
528 531
524 530
527 529
524 528
524 527
525 526
524 525
523 524
522 524
519 524
516 524
521 523
520 522
518 521
517 520
515 519
511 518
511 517
513 516
514 515
511 514
512 513
511 512
510 511
508 511
505 511
503 511
509 510
506 509
507 508
501 507
498 506
504 505
500 504
502 503
499 502
498 501
498 500
498 499
497 498
495 498
493 498
492 498
496 497
491 496
494 495
490 494
489 493
488 492
485 491
485 490
487 489
486 488
485 487
485 486
484 485
483 485
482 485
478 485
481 484
480 483
477 482
479 481
476 480
472 479
475 478
474 477
472 476
473 475
472 474
472 473
471 472
469 472
467 472
464 472
470 471
468 470
466 469
459 468
465 467
462 466
461 465
463 464
460 463
459 462
459 461
459 460
458 459
457 459
456 459
454 459
455 458
452 457
451 456
453 455
449 454
446 453
450 452
448 451
446 450
447 449
446 448
446 447
445 446
443 446
440 446
438 446
444 445
442 444
441 443
433 442
439 441
437 440
433 439
435 438
436 437
433 436
434 435
433 434
432 433
431 433
429 433
427 433
430 432
428 431
425 430
426 429
424 428
422 427
423 426
420 425
420 424
420 423
421 422
420 421
419 420
417 420
415 420
411 420
418 419
414 418
416 417
413 416
412 415
407 414
407 413
410 412
409 411
407 410
408 409
407 408
406 407
405 407
402 407
400 407
404 406
403 405
401 404
398 403
399 402
394 401
396 400
397 399
394 398
394 397
395 396
394 395
391 394
389 394
388 394
390 391
387 390
385 389
383 388
378 387
384 385
382 384
381 383
375 382
380 381
374 380
377 378
370 377
373 375
371 374
372 373
368 372
369 371
363 370
367 369
364 368
362 367
360 364
361 363
357 362
359 361
358 360
351 359
356 358
355 357
350 356
354 355
345 354
348 351
349 350
346 349
347 348
339 347
342 346
344 345
343 344
341 343
338 342
335 341
336 339
333 338
334 336
332 335
326 334
331 333
329 332
330 331
324 330
328 329
319 328
322 326
323 324
321 323
320 322
316 321
311 320
318 319
317 318
315 317
312 316
306 315
309 312
310 311
308 310
307 309
300 308
304 307
305 306
303 305
299 304
302 303
297 302
298 300
295 299
296 298
294 297
287 296
292 295
291 294
290 292
289 291
285 290
279 289
286 287
281 286
283 285
282 283
280 282
273 281
272 280
278 279
277 278
276 277
270 276
271 273
268 272
269 271
267 270
259 269
266 268
265 267
264 266
263 265
260 264
256 263
257 260
258 259
254 258
255 257
252 256
253 255
247 254
246 253
251 252
250 251
243 250
245 247
244 246
242 245
240 244
241 243
234 242
238 241
239 240
232 239
237 238
228 237
233 234
231 233
230 232
222 231
229 230
227 229
226 228
221 227
225 226
224 225
219 224
217 222
218 221
214 219
216 218
215 217
213 216
209 215
212 214
208 213
211 212
203 211
207 209
206 208
205 207
202 206
196 205
201 203
200 202
199 201
195 200
198 199
190 198
194 196
192 195
193 194
183 193
191 192
188 191
187 190
182 188
186 187
185 186
178 185
181 183
180 182
175 181
176 180
177 178
173 177
174 176
170 175
168 174
172 173
165 172
167 170
164 168
166 167
154 166
162 165
163 164
161 163
160 162
156 161
159 160
155 159
151 156
149 155
153 154
152 153
144 152
150 151
147 150
148 149
146 148
140 147
138 146
143 144
142 143
130 142
139 140
137 139
136 138
134 137
135 136
133 135
129 134
126 133
127 130
128 129
123 128
124 127
125 126
122 125
118 124
121 123
120 122
117 121
114 120
116 118
115 117
111 116
112 115
109 114
110 112
105 111
104 110
108 109
107 108
99 107
101 105
102 104
97 102
100 101
91 100
98 99
95 98
96 97
89 96
94 95
87 94
90 91
86 90
88 89
85 88
84 87
79 86
83 85
82 84
78 83
81 82
76 81
77 79
74 78
72 77
70 76
73 74
71 73
66 72
63 71
69 70
68 69
61 68
64 66
62 64
60 63
51 62
58 61
59 60
57 59
56 58
52 57
55 56
50 55
49 52
48 51
47 50
45 49
46 48
44 47
39 46
43 45
42 44
38 43
33 42
37 39
36 38
35 37
34 36
27 35
30 34
32 33
31 32
29 31
26 30
22 29
25 27
24 26
19 25
20 24
21 22
18 21
17 20
13 19
16 18
12 17
9 16
10 13
11 12
7 11
8 10
6 9
1 8
4 7
5 6
3 5
1 4
1 3
