418 913
835 836
833 836
831 836
830 836
828 836
827 836
823 836
818 836
817 836
814 836
834 835
829 834
832 833
825 832
826 831
824 830
804 829
821 828
819 827
822 826
804 825
820 824
816 823
804 822
813 821
804 820
811 819
812 818
809 817
810 816
806 814
804 813
808 812
804 811
804 810
807 809
804 808
804 807
805 806
804 805
803 804
802 804
801 804
799 804
796 804
792 804
791 804
787 804
780 804
777 804
800 803
798 802
797 801
795 800
793 799
794 798
790 797
789 796
772 795
772 794
788 793
785 792
784 791
772 790
786 789
772 788
782 787
772 786
781 785
778 784
776 782
772 781
779 780
774 779
772 778
775 777
772 776
773 775
772 774
772 773
771 772
770 772
766 772
763 772
762 772
761 772
753 772
751 772
749 772
744 772
769 771
768 770
767 769
765 768
740 767
764 766
740 765
757 764
760 763
759 762
754 761
756 760
755 759
740 757
740 756
740 755
748 754
752 753
747 752
750 751
745 750
746 749
740 748
740 747
743 746
740 745
742 744
740 743
741 742
740 741
739 740
737 740
735 740
733 740
731 740
728 740
725 740
724 740
715 740
712 740
738 739
732 738
736 737
722 736
734 735
721 734
730 733
708 732
729 731
720 730
719 729
727 728
718 727
723 725
716 724
717 723
708 722
708 721
708 720
708 719
708 718
708 717
714 716
713 715
708 714
710 713
711 712
709 711
708 710
708 709
707 708
705 708
702 708
701 708
699 708
698 708
697 708
696 708
692 708
681 708
706 707
704 706
703 705
676 704
700 703
695 702
694 701
676 700
690 699
687 698
686 697
685 696
691 695
689 694
683 692
676 691
688 690
676 689
676 688
684 687
682 686
680 685
676 684
679 683
676 682
678 681
676 680
676 679
677 678
676 677
675 676
674 676
673 676
671 676
669 676
666 676
665 676
663 676
660 676
657 676
672 675
670 674
668 673
664 672
667 671
662 670
659 669
661 668
654 667
656 666
655 665
644 664
653 663
644 662
644 661
652 660
651 659
647 657
650 656
649 655
644 654
648 653
646 652
644 651
644 650
644 649
644 648
645 647
644 646
644 645
643 644
642 644
640 644
638 644
637 644
634 644
631 644
624 644
622 644
617 644
641 643
639 642
636 641
635 640
633 639
630 638
628 637
612 636
632 635
627 634
612 633
612 632
623 631
629 630
612 629
625 628
621 627
612 625
620 624
619 623
616 622
612 621
618 620
612 619
612 618
615 617
614 616
613 615
612 614
612 613
611 612
610 612
606 612
603 612
599 612
598 612
597 612
591 612
588 612
584 612
609 611
607 610
608 609
580 608
604 607
605 606
602 605
580 604
601 603
580 602
594 601
596 599
595 598
592 597
593 596
590 595
580 594
580 593
587 592
589 591
580 590
585 589
586 588
580 587
583 586
580 585
582 584
580 583
581 582
580 581
579 580
578 580
577 580
573 580
570 580
568 580
567 580
561 580
558 580
555 580
576 579
575 578
574 577
572 576
571 575
569 574
566 573
548 572
548 571
565 570
548 569
563 568
560 567
564 566
557 565
548 564
554 563
559 561
553 560
552 559
556 558
548 557
550 556
551 555
548 554
548 553
548 552
549 551
548 550
548 549
547 548
545 548
543 548
542 548
539 548
535 548
534 548
530 548
529 548
524 548
546 547
541 546
544 545
536 544
540 543
538 542
516 541
533 540
531 539
532 538
516 536
528 535
527 534
516 533
516 532
523 531
526 530
525 529
522 528
521 527
520 526
518 525
519 524
516 523
516 522
516 521
516 520
517 519
516 518
516 517
515 516
514 516
511 516
510 516
508 516
505 516
500 516
499 516
497 516
490 516
513 515
512 514
506 513
502 512
509 511
507 510
501 509
504 508
498 507
484 506
503 505
492 504
491 503
484 502
484 501
496 500
495 499
484 498
494 497
488 496
487 495
486 494
484 492
484 491
489 490
485 489
484 488
484 487
484 486
484 485
483 484
482 484
479 484
478 484
476 484
475 484
473 484
472 484
467 484
462 484
481 483
477 482
480 481
452 480
474 479
470 478
471 477
469 476
466 475
468 474
463 473
459 472
452 471
465 470
464 469
452 468
457 467
461 466
452 465
452 464
460 463
454 462
452 461
452 460
458 459
452 458
455 457
452 455
453 454
452 453
451 452
450 452
448 452
447 452
445 452
444 452
440 452
436 452
432 452
429 452
449 451
446 450
443 449
441 448
439 447
442 446
438 445
435 444
420 443
420 442
437 441
433 440
434 439
431 438
420 437
428 436
430 435
420 434
427 433
426 432
420 431
420 430
423 429
424 428
420 427
422 426
420 424
421 423
420 422
420 421
417 420
416 420
411 420
415 417
414 416
413 415
408 414
412 413
410 412
407 411
409 410
405 409
406 408
404 407
403 406
400 405
402 404
401 403
395 402
397 401
399 400
396 399
394 397
385 396
393 395
391 394
392 393
390 392
388 391
389 390
387 389
382 388
377 387
384 385
383 384
381 383
380 382
378 381
379 380
375 379
374 378
376 377
372 376
371 375
373 374
369 373
370 372
367 371
368 370
362 369
363 368
365 367
364 365
361 364
360 363
359 362
357 361
358 360
353 359
356 358
351 357
355 356
349 355
352 353
348 352
350 351
346 350
347 349
345 348
339 347
342 346
344 345
343 344
335 343
340 342
336 340
338 339
337 338
330 337
334 336
333 335
332 334
331 333
328 332
326 331
329 330
327 329
324 328
325 327
321 326
323 325
320 324
314 323
319 321
318 320
317 319
316 318
315 317
312 316
313 315
304 314
310 313
311 312
308 311
307 310
305 308
306 307
297 306
298 305
303 304
302 303
301 302
300 301
299 300
296 299
295 298
294 297
292 296
293 295
289 294
288 293
291 292
286 291
287 289
285 288
284 287
282 286
277 285
283 284
281 283
273 282
280 281
279 280
278 279
274 278
275 277
272 275
263 274
271 273
269 272
270 271
266 270
268 269
267 268
265 267
264 266
260 265
262 264
257 263
261 262
259 261
254 260
246 259
256 257
255 256
253 255
252 254
251 253
250 252
248 251
249 250
240 249
247 248
245 247
244 246
242 245
243 244
236 243
239 242
238 240
225 239
237 238
235 237
233 236
234 235
229 234
232 233
231 232
230 231
228 230
223 229
227 228
218 227
224 225
222 224
221 223
220 222
217 221
219 220
216 219
215 218
212 217
213 216
214 215
211 214
206 213
210 212
207 211
208 210
205 208
203 207
204 206
202 205
199 204
201 203
198 202
200 201
196 200
193 199
197 198
191 197
195 196
190 195
192 193
188 192
189 191
186 190
187 189
185 188
182 187
184 186
181 185
176 184
178 182
180 181
179 180
173 179
177 178
174 177
175 176
172 175
171 174
170 173
169 172
168 171
166 170
167 169
164 168
165 167
161 166
163 165
158 164
154 163
160 161
159 160
155 159
157 158
156 157
148 156
152 155
153 154
151 153
150 152
146 151
149 150
143 149
147 148
144 147
139 146
142 144
140 143
141 142
138 141
137 140
136 139
133 138
129 137
135 136
134 135
132 134
128 133
131 132
123 131
127 129
126 128
125 127
122 126
124 125
121 124
118 123
119 122
117 121
113 119
115 118
116 117
112 116
114 115
105 114
110 113
111 112
106 111
109 110
108 109
107 108
101 107
97 106
104 105
103 104
102 103
100 102
95 101
99 100
88 99
96 97
93 96
94 95
91 94
92 93
90 92
89 91
87 90
86 89
84 88
82 87
85 86
78 85
83 84
80 83
81 82
79 81
74 80
72 79
77 78
75 77
71 75
73 74
70 73
65 72
63 71
69 70
68 69
67 68
62 67
64 65
61 64
59 63
53 62
60 61
58 60
56 59
57 58
55 57
52 56
54 55
49 54
50 53
51 52
48 51
47 50
44 49
45 48
46 47
43 46
41 45
33 44
42 43
40 42
38 41
37 40
36 38
35 37
31 36
25 35
32 33
30 32
28 31
29 30
27 29
23 28
26 27
22 26
24 25
19 24
21 23
18 22
20 21
17 20
16 19
14 18
15 17
13 16
10 15
11 14
12 13
9 12
1 11
7 10
6 9
5 7
4 6
1 5
3 4
1 3
