500 1000
1 2
2 3
3 5
5 8
8 10
10 12
12 13
13 15
15 19
19 20
20 23
23 24
24 25
25 27
27 29
29 31
31 36
36 37
37 38
38 43
43 44
44 47
47 49
49 51
51 53
53 55
55 58
58 61
61 62
62 63
63 65
65 66
66 71
71 72
72 73
73 74
74 76
76 77
77 79
79 80
80 82
82 83
83 84
84 85
85 86
86 88
88 89
89 94
94 95
95 98
98 100
100 102
102 103
103 104
104 105
105 106
106 108
108 109
109 110
110 113
113 115
115 117
117 118
118 119
119 120
120 122
122 124
124 125
125 126
126 127
127 128
128 129
129 130
130 131
131 133
133 134
134 135
135 138
138 139
139 140
140 142
142 143
143 147
147 149
149 151
151 154
154 155
155 156
156 160
160 162
162 163
163 164
164 165
165 166
166 167
167 168
168 169
169 171
171 172
172 173
173 174
174 176
176 178
178 179
179 182
182 183
183 185
185 186
186 188
188 190
190 191
191 192
192 193
193 195
195 196
196 197
197 198
198 200
200 202
202 203
203 204
204 207
207 209
209 211
211 214
214 215
215 216
216 217
217 218
218 219
219 221
221 223
223 224
224 225
225 227
227 228
228 232
232 235
235 237
237 238
238 241
241 242
242 244
244 245
245 246
246 247
247 250
250 253
253 254
254 256
256 257
257 258
258 261
261 262
262 263
263 265
265 266
266 267
267 270
270 274
274 277
277 278
278 279
279 280
280 282
282 283
283 284
284 285
285 286
286 288
288 290
290 292
292 294
294 296
296 300
300 301
301 302
302 303
303 304
304 305
305 306
306 307
307 308
308 309
309 310
310 311
311 312
312 313
313 315
315 320
320 321
321 323
323 324
324 327
327 329
329 330
330 332
332 333
333 334
334 335
335 336
336 337
337 338
338 342
342 343
343 344
344 348
348 354
354 358
358 359
359 360
360 361
361 362
362 364
364 366
366 369
369 370
370 371
371 372
372 375
375 376
376 379
379 380
380 381
381 382
382 385
385 394
394 397
397 400
400 401
401 403
403 404
404 406
406 408
408 409
409 411
411 412
412 414
414 415
415 416
416 419
419 420
420 423
423 425
425 426
426 427
427 428
428 429
429 433
433 434
434 437
437 439
439 440
440 441
441 442
442 444
444 445
445 449
449 451
451 452
452 453
453 455
455 456
456 457
457 460
460 461
461 462
462 463
463 464
464 465
465 470
470 473
473 474
474 475
475 476
476 477
477 478
478 479
479 480
480 481
481 483
483 488
488 489
489 491
491 492
492 493
493 494
494 496
496 498
498 504
504 506
506 507
507 509
509 511
511 514
514 516
516 517
517 518
518 521
521 522
522 526
526 528
528 530
530 532
532 533
533 534
534 535
535 539
539 540
540 541
541 542
542 545
545 546
546 548
548 550
550 552
552 554
554 556
556 557
557 559
559 560
560 564
564 567
567 568
568 569
569 570
570 575
575 578
578 581
581 587
587 590
590 591
591 592
592 593
593 596
596 597
597 599
599 601
601 607
607 611
611 612
612 614
614 616
616 621
621 623
623 632
632 636
636 637
637 641
641 644
644 645
645 646
646 648
648 650
650 652
652 653
653 657
657 658
658 659
659 661
661 670
670 675
675 677
677 680
680 681
681 684
684 687
687 689
689 694
694 699
699 701
701 705
705 706
706 708
708 710
710 712
712 713
713 720
720 722
722 726
726 729
729 730
730 731
731 733
733 734
734 736
736 739
739 740
740 743
743 748
748 749
749 751
751 752
752 755
755 759
759 760
760 764
764 768
768 769
769 771
771 772
772 773
773 775
775 776
776 781
781 787
787 789
789 791
791 793
793 795
795 797
797 798
798 799
799 814
814 816
816 817
817 818
818 819
819 822
822 825
825 826
826 828
828 831
831 839
839 840
840 841
841 845
845 846
846 847
847 849
849 850
850 851
851 852
852 853
853 855
855 856
856 857
857 863
863 865
865 867
867 868
868 873
873 874
874 877
877 878
878 883
883 884
884 886
886 887
887 888
888 889
889 890
890 891
891 892
892 893
893 895
895 896
896 898
898 899
899 902
902 905
905 907
907 910
910 913
913 917
917 918
918 921
921 922
922 924
924 930
930 931
931 932
932 935
935 936
936 938
938 943
943 946
946 947
947 948
948 950
950 954
954 958
958 959
959 966
966 967
967 968
968 969
969 971
971 972
972 982
982 984
984 985
985 986
986 987
987 990
990 995
995 997
997 999
999 1000
213 618
250 709
141 537
339 667
424 917
396 709
262 643
99 519
192 579
480 613
161 621
230 626
268 535
20 518
198 589
126 580
64 541
388 682
285 665
128 517
205 650
486 931
101 532
84 509
313 586
15 502
202 669
80 551
22 519
53 513
261 594
423 801
10 506
197 640
39 512
244 631
325 565
233 561
270 710
289 601
422 806
186 615
455 528
5 503
379 698
53 523
109 509
416 874
34 525
279 776
457 708
496 864
447 946
422 845
267 762
440 644
268 613
147 597
289 761
208 699
397 895
400 846
254 649
408 580
402 856
356 637
307 522
301 615
478 806
476 760
302 501
491 912
91 551
309 648
5 501
452 912
120 609
336 594
415 545
217 604
54 534
10 505
188 534
269 603
147 574
288 762
384 871
342 511
87 517
50 540
161 524
165 523
67 561
38 532
247 714
258 700
305 736
298 708
31 501
412 566
186 656
489 819
151 515
377 620
469 927
51 502
373 597
63 507
220 717
218 529
307 545
151 521
393 711
455 852
159 598
325 515
391 566
142 570
305 558
335 713
154 653
182 636
266 552
323 757
471 745
363 502
245 637
335 686
283 689
499 888
431 748
466 783
62 546
158 644
366 660
23 502
49 527
401 634
500 607
467 907
249 689
168 589
153 595
148 614
403 856
352 541
154 616
150 602
322 600
489 896
66 518
60 558
338 723
279 553
475 772
2 501
372 769
152 636
286 711
500 616
24 515
6 504
323 703
230 621
30 527
255 692
374 714
289 509
462 538
132 576
198 597
155 557
203 643
311 684
294 616
233 600
169 565
485 972
69 525
122 610
62 556
9 506
191 587
199 653
431 772
202 511
57 520
120 548
50 548
287 660
153 603
201 614
186 588
144 561
334 611
435 574
351 774
66 525
373 580
58 546
427 512
436 910
343 733
457 705
431 713
131 607
337 612
16 511
12 508
227 546
88 572
397 810
301 710
191 653
398 738
97 525
174 551
370 646
287 766
45 514
191 620
90 527
470 564
116 543
115 552
401 536
102 563
393 659
149 553
208 704
105 540
78 559
68 543
415 779
477 590
81 527
236 615
343 829
428 547
85 542
444 554
166 507
316 813
422 699
276 589
403 688
323 501
277 659
465 748
229 674
467 931
124 587
17 501
275 626
243 548
76 557
54 513
165 652
166 655
47 517
453 587
89 531
252 726
157 591
289 567
87 570
276 753
57 525
204 641
331 686
81 579
357 662
246 681
357 545
377 824
288 518
47 522
435 888
118 552
20 501
200 663
343 528
230 702
179 632
499 741
42 520
499 860
12 502
48 524
449 606
444 710
327 560
25 504
89 584
333 654
228 704
88 559
333 790
284 692
247 547
220 692
190 643
464 921
302 507
484 689
347 570
135 513
171 576
269 690
306 625
399 882
305 746
346 826
190 633
393 501
273 644
204 638
467 882
311 729
482 787
308 521
74 550
443 799
488 734
203 651
306 621
164 577
201 604
436 665
264 508
189 576
213 528
167 564
33 513
59 515
26 508
259 677
55 505
262 502
84 564
222 523
359 688
3 502
442 814
394 882
485 846
240 676
154 627
95 522
231 596
13 509
361 550
454 542
248 668
93 516
104 538
197 687
19 509
352 513
451 850
470 816
144 558
278 517
349 711
275 516
362 839
399 783
449 686
274 525
235 708
253 722
266 665
46 503
454 668
363 708
261 506
328 714
290 714
395 634
473 948
487 782
177 577
44 527
452 920
274 754
288 601
166 644
474 689
458 926
434 567
5 502
431 880
380 707
195 643
461 915
366 680
196 599
290 501
177 508
73 542
410 669
460 503
197 686
242 707
194 594
166 626
385 522
220 623
401 570
63 543
403 731
277 630
190 628
457 699
412 517
84 519
460 661
311 747
303 800
108 573
426 699
41 517
301 633
285 663
201 658
321 818
168 520
479 955
61 505
487 695
458 897
268 651
338 742
80 512
155 572
201 557
61 549
184 526
10 504
464 565
377 858
94 514
101 523
111 599
323 821
266 530
466 677
137 567
405 672
65 505
431 840
359 605
390 515
337 630
69 557
403 733
316 783
329 587
91 509
161 612
487 611
90 523
13 502
254 734
319 605
81 566
470 711
460 729
46 526
317 587
381 825
135 505
97 503
42 509
333 647
313 758
335 701
478 599
468 511
202 567
494 771
394 663
134 613
288 729
318 561
415 619
110 584
464 872
358 538
280 726
355 776
313 576
300 651
102 509
65 554
418 549
222 667
377 707
100 599
339 683
314 664
