436 983
871 872
869 872
868 872
866 872
865 872
858 872
857 872
856 872
855 872
851 872
870 871
862 870
867 869
864 868
861 867
863 866
859 865
860 864
852 863
841 862
841 861
841 860
850 859
854 858
853 857
849 856
848 855
847 854
846 853
841 852
844 851
841 850
845 849
843 848
841 847
841 846
841 845
842 844
841 843
841 842
840 841
839 841
837 841
834 841
832 841
831 841
828 841
822 841
821 841
814 841
838 840
836 839
830 838
835 837
827 836
825 835
833 834
824 833
829 832
826 831
810 830
820 829
823 828
810 827
819 826
810 825
810 824
816 823
818 822
817 821
810 820
810 819
815 818
812 817
810 816
810 815
813 814
811 813
810 812
810 811
809 810
807 810
805 810
804 810
802 810
799 810
798 810
796 810
791 810
785 810
808 809
803 808
806 807
800 806
801 805
795 804
779 803
793 802
797 801
779 800
792 799
789 798
779 797
788 796
794 795
779 794
790 793
786 792
787 791
779 790
784 789
783 788
781 787
779 786
782 785
779 784
779 783
780 782
779 781
779 780
778 779
777 779
776 779
774 779
770 779
768 779
766 779
761 779
757 779
754 779
775 778
773 777
769 776
772 775
767 774
771 773
748 772
748 771
763 770
765 769
762 768
764 767
760 766
748 765
748 764
759 763
758 762
756 761
755 760
748 759
748 758
753 757
752 756
748 755
751 754
750 753
748 752
749 751
748 750
748 749
747 748
746 748
744 748
741 748
739 748
737 748
735 748
730 748
724 748
722 748
745 747
742 746
743 745
738 744
717 743
740 742
736 741
717 740
734 739
732 738
733 737
731 736
728 735
729 734
727 733
717 732
717 731
726 730
717 729
725 728
717 727
721 726
717 725
723 724
720 723
719 722
717 721
717 720
718 719
717 718
716 717
715 717
714 717
713 717
712 717
706 717
705 717
703 717
701 717
693 717
711 716
710 715
708 714
704 713
702 712
709 711
707 710
686 709
699 708
686 707
700 706
698 705
697 704
696 703
695 702
691 701
694 700
686 699
692 698
686 697
690 696
686 695
686 694
689 693
686 692
688 691
686 690
687 689
686 688
686 687
685 686
684 686
682 686
681 686
678 686
675 686
673 686
672 686
666 686
663 686
683 685
680 684
679 683
676 682
674 681
677 680
655 679
670 678
655 677
671 676
668 675
669 674
667 673
664 672
655 671
665 670
655 669
661 668
660 667
662 666
655 665
659 664
657 663
658 662
655 661
655 660
655 659
655 658
656 657
655 656
654 655
653 655
650 655
647 655
646 655
643 655
641 655
638 655
631 655
630 655
652 654
651 653
648 652
645 651
649 650
640 649
624 648
644 647
642 646
624 645
637 644
639 643
636 642
634 641
624 640
635 639
632 638
624 637
624 636
624 635
633 634
624 633
629 632
628 631
626 630
624 629
627 628
624 627
625 626
624 625
623 624
622 624
619 624
618 624
613 624
611 624
609 624
603 624
602 624
599 624
621 623
620 622
617 621
616 620
615 619
612 618
593 617
593 616
614 615
593 614
610 613
608 612
607 611
605 610
606 609
593 608
604 607
598 606
593 605
593 604
601 603
600 602
597 601
596 600
595 599
593 598
593 597
593 596
594 595
593 594
592 593
591 593
590 593
589 593
588 593
583 593
581 593
578 593
576 593
566 593
587 592
586 591
582 590
580 589
579 588
585 587
584 586
562 585
562 584
577 583
575 582
573 581
574 580
572 579
571 578
569 577
570 576
562 575
562 574
568 573
562 572
567 571
564 570
562 569
562 568
562 567
565 566
563 565
562 564
562 563
561 562
560 562
558 562
557 562
556 562
549 562
548 562
546 562
544 562
543 562
559 561
555 560
554 559
553 558
552 557
547 556
551 555
531 554
550 553
542 552
531 551
531 550
545 549
541 548
539 547
540 546
538 545
537 544
536 543
531 542
535 541
534 540
531 539
531 538
533 537
532 536
531 535
531 534
531 533
531 532
530 531
529 531
528 531
525 531
523 531
520 531
516 531
513 531
509 531
506 531
527 530
526 529
524 528
521 527
517 526
522 525
515 524
519 523
514 522
500 521
518 520
510 519
508 518
500 517
512 516
500 515
500 514
511 513
507 512
504 511
500 510
505 509
500 508
500 507
502 506
503 505
500 504
500 503
501 502
500 501
499 500
496 500
495 500
494 500
491 500
488 500
485 500
484 500
483 500
478 500
498 499
497 498
469 497
493 496
492 495
489 494
490 493
486 492
487 491
469 490
482 489
481 488
479 487
469 486
480 485
477 484
475 483
469 482
476 481
474 480
469 479
473 478
472 477
469 476
471 475
469 474
470 473
469 472
469 471
469 470
468 469
467 469
466 469
465 469
463 469
456 469
453 469
452 469
446 469
443 469
464 468
462 467
460 466
459 465
461 464
458 463
457 462
438 461
455 460
454 459
451 458
438 457
450 456
438 455
438 454
449 453
447 452
438 451
448 450
444 449
438 448
442 447
445 446
440 445
438 444
441 443
438 442
439 441
438 440
438 439
435 438
434 438
426 438
433 435
431 434
432 433
430 432
428 431
429 430
422 429
427 428
423 427
425 426
424 425
416 424
418 423
421 422
420 421
419 420
415 419
417 418
413 417
414 416
404 415
411 414
412 413
408 412
410 411
409 410
407 409
402 408
406 407
394 406
403 404
401 403
400 402
398 401
399 400
397 399
396 398
393 397
395 396
392 395
391 394
390 393
386 392
389 391
387 390
388 389
384 388
382 387
385 386
378 385
383 384
380 383
381 382
377 381
379 380
376 379
373 378
372 377
375 376
367 375
371 373
370 372
369 371
365 370
368 369
366 368
364 367
363 366
359 365
361 364
362 363
360 362
358 361
355 360
357 359
354 358
356 357
353 356
349 355
350 354
352 353
351 352
346 351
348 350
342 349
347 348
345 347
339 346
344 345
336 344
341 342
340 341
338 340
337 339
334 338
333 337
335 336
329 335
332 334
331 333
330 332
327 331
325 330
328 329
323 328
326 327
324 326
321 325
320 324
322 323
319 322
318 321
317 320
316 319
311 318
315 317
314 316
309 315
313 314
307 313
310 311
308 310
306 309
305 308
304 307
302 306
303 305
296 304
301 303
300 302
299 301
298 300
294 299
297 298
292 297
295 296
293 295
288 294
291 293
290 292
289 291
287 290
285 289
286 288
283 287
280 286
284 285
282 284
275 283
273 282
279 280
278 279
277 278
276 277
270 276
274 275
272 274
271 273
268 272
263 271
269 270
267 269
266 268
265 267
264 266
257 265
262 264
261 263
260 262
259 261
255 260
258 259
256 258
249 257
254 256
253 255
252 254
247 253
251 252
243 251
248 249
246 248
244 247
245 246
242 245
240 244
241 243
239 242
235 241
238 240
237 239
234 238
236 237
230 236
233 235
232 234
229 233
231 232
228 231
227 230
225 229
226 228
218 227
221 226
224 225
223 224
222 223
220 222
216 221
212 220
217 218
214 217
215 216
213 215
211 214
208 213
209 212
210 211
207 210
204 209
206 208
205 207
203 206
202 205
201 204
198 203
195 202
200 201
199 200
197 199
196 198
193 197
192 196
194 195
187 194
191 193
190 192
189 191
185 190
181 189
186 187
183 186
184 185
179 184
182 183
177 182
180 181
178 180
176 179
172 178
175 177
174 176
173 175
171 174
167 173
169 172
170 171
165 170
168 169
162 168
166 167
163 166
164 165
159 164
156 163
161 162
160 161
158 160
151 159
149 158
155 156
154 155
153 154
152 153
147 152
150 151
146 150
148 149
139 148
145 147
144 146
142 145
143 144
141 143
140 142
137 141
130 140
138 139
136 138
135 137
133 136
134 135
129 134
132 133
131 132
128 131
125 130
123 129
127 128
118 127
124 125
122 124
119 123
121 122
120 121
113 120
117 119
115 118
116 117
111 116
114 115
106 114
112 113
110 112
109 111
108 110
105 109
107 108
94 107
103 106
104 105
101 104
102 103
99 102
100 101
91 100
98 99
97 98
96 97
85 96
93 94
92 93
89 92
90 91
88 90
87 89
86 88
84 87
83 86
81 85
80 84
82 83
76 82
79 81
77 80
78 79
74 78
73 77
75 76
69 75
72 74
70 73
71 72
68 71
63 70
66 69
67 68
65 67
62 66
61 65
60 63
57 62
54 61
59 60
58 59
55 58
56 57
53 56
52 55
50 54
51 53
49 52
45 51
46 50
48 49
47 48
42 47
43 46
44 45
41 44
40 43
32 42
39 41
38 40
37 39
36 38
28 37
35 36
34 35
25 34
31 32
30 31
29 30
27 29
26 28
20 27
24 26
21 25
23 24
22 23
14 22
19 21
17 20
18 19
15 18
16 17
10 16
12 15
13 14
11 13
8 12
9 11
7 10
5 9
6 8
1 7
4 6
1 5
3 4
1 3
