436 983
1 2
1 3
1 4
1 7
1 8
1 10
1 15
1 16
1 23
1 28
2 5
5 11
3 6
6 12
4 9
9 14
7 13
13 18
8 17
17 22
10 19
19 24
15 20
20 25
16 21
21 26
23 27
27 30
28 29
29 31
11 32
12 32
14 32
18 32
22 32
24 32
25 32
26 32
30 32
31 32
32 33
32 34
32 36
32 37
32 38
32 40
32 42
32 46
32 51
32 58
33 35
35 39
34 41
41 47
36 43
43 49
37 44
44 50
38 45
45 53
40 48
48 55
42 52
52 56
46 54
54 60
51 57
57 61
58 59
59 62
39 63
47 63
49 63
50 63
53 63
55 63
56 63
60 63
61 63
62 63
63 64
63 65
63 66
63 67
63 71
63 75
63 77
63 82
63 86
63 89
64 68
68 70
65 69
69 74
66 72
72 79
67 73
73 81
71 76
76 84
75 78
78 85
77 80
80 87
82 83
83 88
86 90
90 92
89 91
91 93
70 94
74 94
79 94
81 94
84 94
85 94
87 94
88 94
92 94
93 94
94 95
94 96
94 99
94 102
94 105
94 107
94 110
94 111
94 112
94 119
95 97
97 101
96 98
98 103
99 100
100 109
102 104
104 113
105 106
106 114
107 108
108 115
110 116
116 117
111 118
118 121
112 120
120 122
119 123
123 124
101 125
103 125
109 125
113 125
114 125
115 125
117 125
121 125
122 125
124 125
125 126
125 128
125 130
125 132
125 135
125 136
125 140
125 141
125 142
125 146
126 127
127 133
128 129
129 134
130 131
131 137
132 138
138 145
135 139
139 149
136 143
143 150
140 144
144 151
141 147
147 152
142 148
148 153
146 154
154 155
133 156
134 156
137 156
145 156
149 156
150 156
151 156
152 156
153 156
155 156
156 157
156 160
156 162
156 165
156 166
156 167
156 169
156 172
156 173
156 177
157 158
158 159
160 161
161 163
162 164
164 168
165 170
170 174
166 171
171 175
167 176
176 178
169 179
179 180
172 181
181 182
173 183
183 185
177 184
184 186
159 187
163 187
168 187
174 187
175 187
178 187
180 187
182 187
185 187
186 187
187 188
187 189
187 191
187 192
187 193
187 199
187 200
187 206
187 207
187 211
188 190
190 195
189 194
194 198
191 196
196 203
192 197
197 204
193 201
201 208
199 202
202 209
200 205
205 213
206 210
210 215
207 212
212 216
211 214
214 217
195 218
198 218
203 218
204 218
208 218
209 218
213 218
215 218
216 218
217 218
218 219
218 221
218 223
218 224
218 225
218 227
218 233
218 236
218 237
218 240
219 220
220 228
221 222
222 230
223 226
226 231
224 229
229 234
225 232
232 235
227 238
238 239
233 241
241 244
236 242
242 245
237 243
243 246
240 247
247 248
228 249
230 249
231 249
234 249
235 249
239 249
244 249
245 249
246 249
248 249
249 250
249 252
249 255
249 256
249 258
249 259
249 263
249 265
249 268
249 274
250 251
251 254
252 253
253 257
255 260
260 264
256 261
261 269
258 262
262 270
259 266
266 272
263 267
267 273
265 271
271 276
268 275
275 278
274 277
277 279
254 280
257 280
264 280
269 280
270 280
272 280
273 280
276 280
278 280
279 280
280 281
280 283
280 284
280 286
280 287
280 288
280 290
280 295
280 298
280 304
281 282
282 293
283 285
285 297
284 289
289 299
286 291
291 300
287 292
292 301
288 294
294 303
290 296
296 305
295 302
302 306
298 307
307 309
304 308
308 310
293 311
297 311
299 311
300 311
301 311
303 311
305 311
306 311
309 311
310 311
311 312
311 313
311 316
311 317
311 322
311 324
311 326
311 332
311 333
311 336
312 314
314 319
313 315
315 320
316 318
318 327
317 321
321 329
322 323
323 330
324 325
325 331
326 328
328 335
332 334
334 337
333 338
338 339
336 340
340 341
319 342
320 342
327 342
329 342
330 342
331 342
335 342
337 342
339 342
341 342
342 343
342 344
342 346
342 347
342 354
342 355
342 358
342 362
342 364
342 368
343 345
345 351
344 348
348 352
346 349
349 353
347 350
350 357
354 356
356 359
355 360
360 361
358 363
363 367
362 365
365 370
364 366
366 371
368 369
369 372
351 373
352 373
353 373
357 373
359 373
361 373
367 373
370 373
371 373
372 373
373 374
373 376
373 377
373 378
373 381
373 383
373 384
373 386
373 387
373 396
374 375
375 382
376 379
379 385
377 380
380 388
378 389
389 390
381 391
391 395
383 392
392 398
384 393
393 399
386 394
394 400
387 397
397 401
396 402
402 403
382 404
385 404
388 404
390 404
395 404
398 404
399 404
400 404
401 404
403 404
404 405
404 407
404 408
404 409
404 410
404 412
404 413
404 415
404 421
404 424
405 406
406 416
407 411
411 420
408 414
414 422
409 417
417 423
410 418
418 428
412 419
419 429
413 425
425 431
415 426
426 432
421 427
427 433
424 430
430 434
416 435
420 435
422 435
423 435
428 435
429 435
431 435
432 435
433 435
434 435
435 438
435 441
435 447
438 439
439 440
440 443
443 444
444 446
446 451
451 452
452 459
459 464
441 442
442 445
445 449
449 453
453 455
455 456
456 457
457 463
463 465
447 448
448 450
450 454
454 458
458 460
460 461
461 462
462 466
466 467
469 470
470 472
472 473
473 474
474 476
476 478
478 482
482 487
487 494
471 477
477 479
479 480
480 481
481 484
484 488
488 490
490 493
493 495
475 483
483 485
485 486
486 489
489 491
491 492
492 496
496 497
497 498
464 469
465 471
467 475
500 501
501 502
502 503
503 507
507 511
511 513
513 518
518 522
522 525
504 505
505 508
508 509
509 512
512 514
514 516
516 519
519 526
526 527
506 510
510 515
515 517
517 520
520 521
521 523
523 524
524 528
528 529
494 500
495 504
498 506
531 532
532 535
535 538
538 541
541 543
543 546
546 547
547 548
548 555
533 534
534 536
536 540
540 542
542 544
544 552
552 554
554 556
556 559
537 539
539 545
545 549
549 550
550 551
551 553
553 557
557 558
558 560
525 531
527 533
529 537
562 564
564 566
566 568
568 571
571 572
572 576
576 577
577 578
578 582
563 565
565 567
567 574
574 575
575 579
579 580
580 583
583 584
584 590
569 570
570 573
573 581
581 585
585 586
586 587
587 588
588 589
589 591
555 562
559 563
560 569
593 596
596 598
598 601
601 602
602 603
603 605
605 608
608 609
609 613
594 597
597 600
600 606
606 607
607 612
612 615
615 617
617 619
619 620
595 599
599 604
604 610
610 611
611 614
614 616
616 618
618 621
621 622
582 593
590 594
591 595
624 625
625 627
627 628
628 629
629 635
635 636
636 642
642 643
643 647
626 630
630 632
632 633
633 637
637 638
638 641
641 646
646 648
648 650
631 634
634 639
639 640
640 644
644 645
645 649
649 651
651 652
652 653
613 624
620 626
622 631
655 657
657 659
659 660
660 661
661 663
663 669
669 672
672 673
673 676
656 658
658 662
662 665
665 668
668 674
674 677
677 678
678 679
679 683
664 666
666 667
667 670
670 671
671 675
675 680
680 681
681 682
682 684
647 655
650 656
653 664
686 688
688 691
691 692
692 694
694 695
695 699
699 701
701 704
704 710
687 689
689 696
696 697
697 698
698 702
702 703
703 707
707 711
711 713
690 693
693 700
700 705
705 706
706 708
708 709
709 712
712 714
714 715
676 686
683 687
684 690
717 719
719 720
720 722
722 723
723 724
724 726
726 731
731 734
734 740
718 721
721 725
725 727
727 728
728 730
730 732
732 738
738 743
743 744
729 733
733 735
735 736
736 737
737 739
739 741
741 742
742 745
745 746
710 717
713 718
715 729
748 749
749 752
752 753
753 758
758 760
760 762
762 768
768 769
769 772
750 751
751 754
754 757
757 759
759 761
761 764
764 770
770 774
774 776
755 756
756 763
763 765
765 766
766 767
767 771
771 773
773 775
775 777
740 748
744 750
746 755
779 780
780 782
782 783
783 790
790 791
791 794
794 798
798 800
800 804
781 784
784 785
785 786
786 792
792 796
796 799
799 801
801 802
802 805
787 788
788 789
789 793
793 795
795 797
797 803
803 806
806 807
807 808
772 779
776 781
777 787
810 812
812 813
813 814
814 817
817 819
819 820
820 822
822 823
823 832
811 815
815 816
816 825
825 827
827 828
828 829
829 830
830 833
833 838
818 821
821 824
824 826
826 831
831 834
834 835
835 836
836 837
837 839
804 810
805 811
808 818
841 843
843 844
844 845
845 846
846 848
848 849
849 851
851 857
857 860
842 847
847 850
850 853
853 854
854 855
855 861
861 862
862 863
863 866
852 856
856 858
858 859
859 864
864 865
865 867
867 868
868 869
869 870
832 841
838 842
839 852
860 872
866 872
870 872
