271 510
541 542
539 542
538 542
540 541
534 540
536 539
535 538
534 536
534 535
532 534
531 534
530 534
528 532
527 531
526 530
525 528
525 527
525 526
523 525
522 525
518 525
520 523
519 522
516 520
516 519
517 518
516 517
514 516
511 516
509 516
512 514
507 512
510 511
507 510
508 509
507 508
505 507
504 507
502 507
503 505
500 504
498 503
499 502
498 500
498 499
496 498
494 498
492 498
493 496
491 494
489 493
490 492
489 491
489 490
487 489
484 489
483 489
485 487
480 485
482 484
481 483
480 482
480 481
478 480
477 480
475 480
476 478
473 477
471 476
472 475
471 473
471 472
469 471
467 471
465 471
468 469
462 468
466 467
462 466
463 465
462 463
460 462
459 462
455 462
457 460
456 459
453 457
453 456
454 455
453 454
451 453
449 453
446 453
448 451
447 449
444 448
444 447
445 446
444 445
442 444
440 444
439 444
441 442
435 441
437 440
436 439
435 437
435 436
433 435
431 435
428 435
432 433
426 432
429 431
426 429
427 428
426 427
424 426
423 426
420 426
421 424
419 423
417 421
418 420
417 419
417 418
415 417
414 417
412 417
411 415
410 414
409 412
408 411
408 410
408 409
406 408
405 408
401 408
403 406
402 405
399 403
399 402
400 401
399 400
397 399
395 399
393 399
394 397
392 395
390 394
391 393
390 392
390 391
388 390
386 390
383 390
385 388
384 386
381 385
381 384
382 383
381 382
379 381
376 381
375 381
377 379
372 377
374 376
373 375
372 374
372 373
370 372
368 372
366 372
369 370
363 369
367 368
363 367
364 366
363 364
361 363
360 363
358 363
357 361
356 360
355 358
354 357
354 356
354 355
352 354
351 354
350 354
348 352
347 351
346 350
345 348
345 347
345 346
343 345
342 345
341 345
339 343
338 342
337 341
336 339
336 338
336 337
334 336
332 336
330 336
333 334
327 333
331 332
327 331
328 330
327 328
325 327
323 327
321 327
324 325
318 324
320 323
319 321
318 320
318 319
316 318
314 318
312 318
315 316
309 315
311 314
310 312
309 311
309 310
307 309
306 309
303 309
304 307
302 306
300 304
301 303
300 302
300 301
298 300
297 300
293 300
295 298
294 297
291 295
291 294
292 293
291 292
289 291
287 291
285 291
286 289
284 287
282 286
283 285
282 284
282 283
280 282
279 282
276 282
278 280
277 279
273 278
273 277
274 276
273 274
270 273
269 273
268 270
265 269
266 268
262 266
264 265
262 264
261 262
257 262
260 261
258 260
253 258
256 257
255 256
253 255
252 253
249 253
250 252
247 250
248 249
246 248
244 247
244 246
242 244
241 244
240 242
239 241
238 240
237 239
235 238
235 237
234 235
232 235
233 234
230 233
229 232
226 230
228 229
226 228
224 226
222 226
223 224
221 223
220 222
217 221
219 220
217 219
215 217
214 217
213 215
211 214
212 213
208 212
210 211
208 210
207 208
205 208
206 207
203 206
202 205
199 203
201 202
199 201
198 199
197 199
196 198
195 197
193 196
192 195
190 193
190 192
189 190
186 190
187 189
184 187
185 186
183 185
181 184
181 183
179 181
177 181
178 179
175 178
176 177
174 176
172 175
172 174
171 172
170 172
169 171
166 170
167 169
163 167
165 166
163 165
162 163
161 163
159 162
158 161
157 159
156 158
154 157
154 156
153 154
150 154
151 153
149 151
148 150
145 149
147 148
145 147
144 145
140 145
142 144
141 142
136 141
139 140
138 139
136 138
135 136
132 136
133 135
130 133
131 132
129 131
127 130
127 129
125 127
123 127
124 125
122 124
121 123
118 122
120 121
118 120
116 118
114 118
115 116
112 115
113 114
111 113
109 112
109 111
107 109
106 109
105 107
103 106
104 105
100 104
102 103
100 102
99 100
98 100
97 99
96 98
94 97
93 96
91 94
91 93
90 91
86 91
88 90
87 88
82 87
85 86
84 85
82 84
81 82
77 82
80 81
78 80
73 78
76 77
75 76
73 75
72 73
68 73
71 72
69 71
64 69
67 68
66 67
64 66
63 64
62 64
61 63
60 62
58 61
57 60
55 58
55 57
54 55
53 55
51 54
49 53
50 51
46 50
48 49
46 48
45 46
44 46
42 45
40 44
41 42
37 41
39 40
37 39
36 37
33 37
34 36
32 34
31 33
28 32
30 31
28 30
27 28
24 28
25 27
22 25
23 24
21 23
19 22
19 21
17 19
15 19
16 17
14 16
13 15
10 14
12 13
10 12
9 10
7 10
8 9
4 8
6 7
3 6
1 4
1 3
