300 1000
1 2
302 303
2 3
303 304
3 4
304 305
4 5
305 306
5 6
306 307
6 7
307 308
7 8
308 309
8 9
309 310
9 10
310 311
10 11
311 312
11 12
312 313
12 13
313 314
13 14
314 315
14 15
315 316
15 16
316 317
16 17
317 318
17 18
318 319
18 19
319 320
19 20
320 321
20 21
321 322
21 22
322 323
22 23
323 324
23 24
324 325
24 25
325 326
25 26
326 327
26 27
327 328
27 28
328 329
28 29
329 330
29 30
330 331
30 31
331 332
31 32
332 333
32 33
333 334
33 34
334 335
34 35
335 336
35 36
336 337
36 37
337 338
37 38
338 339
38 39
339 340
39 40
340 341
40 41
341 342
41 42
342 343
42 43
343 344
43 44
344 345
44 45
345 346
45 46
346 347
46 47
347 348
47 48
348 349
48 49
349 350
49 50
350 351
50 51
351 352
51 52
352 353
52 53
353 354
53 54
354 355
54 55
355 356
55 56
356 357
56 57
357 358
57 58
358 359
58 59
359 360
59 60
360 361
60 61
361 362
61 62
362 363
62 63
363 364
63 64
364 365
64 65
365 366
65 66
366 367
66 67
367 368
67 68
368 369
68 69
369 370
69 70
370 371
70 71
371 372
71 72
372 373
72 73
373 374
73 74
374 375
74 75
375 376
75 76
376 377
76 77
377 378
77 78
378 379
78 79
379 380
79 80
380 381
80 81
381 382
81 82
382 383
82 83
383 384
83 84
384 385
84 85
385 386
85 86
386 387
86 87
387 388
87 88
388 389
88 89
389 390
89 90
390 391
90 91
391 392
91 92
392 393
92 93
393 394
93 94
394 395
94 95
395 396
95 96
396 397
96 97
397 398
97 98
398 399
98 99
399 400
99 100
400 401
100 101
401 402
101 102
402 403
102 103
403 404
103 104
404 405
104 105
405 406
105 106
406 407
106 107
407 408
107 108
408 409
108 109
409 410
109 110
410 411
110 111
411 412
111 112
412 413
112 113
413 414
113 114
414 415
114 115
415 416
115 116
416 417
116 117
417 418
117 118
418 419
118 119
419 420
119 120
420 421
120 121
421 422
121 122
422 423
122 123
423 424
123 124
424 425
124 125
425 426
125 126
426 427
126 127
427 428
127 128
428 429
128 129
429 430
129 130
430 431
130 131
431 432
131 132
432 433
132 133
433 434
133 134
434 435
134 135
435 436
135 136
436 437
136 137
437 438
137 138
438 439
138 139
439 440
139 140
440 441
140 141
441 442
141 142
442 443
142 143
443 444
143 144
444 445
144 145
445 446
145 146
446 447
146 147
447 448
147 148
448 449
148 149
449 450
149 150
450 451
150 151
451 452
151 152
452 453
152 153
453 454
153 154
454 455
154 155
455 456
155 156
456 457
156 157
457 458
157 158
458 459
158 159
459 460
159 160
460 461
160 161
461 462
161 162
462 463
162 163
463 464
163 164
464 465
164 165
465 466
165 166
466 467
166 167
467 468
167 168
468 469
168 169
469 470
169 170
470 471
170 171
471 472
171 172
472 473
172 173
473 474
173 174
474 475
174 175
475 476
175 176
476 477
176 177
477 478
177 178
478 479
178 179
479 480
179 180
480 481
180 181
481 482
181 182
482 483
182 183
483 484
183 184
484 485
184 185
485 486
185 186
486 487
186 187
487 488
187 188
488 489
188 189
489 490
189 190
490 491
190 191
491 492
191 192
492 493
192 193
493 494
193 194
494 495
194 195
495 496
195 196
496 497
196 197
497 498
197 198
498 499
198 199
499 500
199 200
500 501
200 201
501 502
201 202
502 503
202 203
503 504
203 204
504 505
204 205
505 506
205 206
506 507
206 207
507 508
207 208
508 509
208 209
509 510
209 210
510 511
210 211
511 512
211 212
512 513
212 213
513 514
213 214
514 515
214 215
515 516
215 216
516 517
216 217
517 518
217 218
518 519
218 219
519 520
219 220
520 521
220 221
521 522
221 222
522 523
222 223
523 524
223 224
524 525
224 225
525 526
225 226
526 527
226 227
527 528
227 228
528 529
228 229
529 530
229 230
530 531
230 231
531 532
231 232
532 533
232 233
533 534
233 234
534 535
234 235
535 536
235 236
536 537
236 237
537 538
237 238
538 539
238 239
539 540
239 240
540 541
240 241
541 542
241 242
542 543
242 243
543 544
243 244
544 545
244 245
545 546
245 246
546 547
246 247
547 548
247 248
548 549
248 249
549 550
249 250
550 551
250 251
551 552
251 252
552 553
252 253
553 554
253 254
554 555
254 255
555 556
255 256
556 557
256 257
557 558
257 258
558 559
258 259
559 560
259 260
560 561
260 261
561 562
261 262
562 563
262 263
563 564
263 264
564 565
264 265
565 566
265 266
566 567
266 267
567 568
267 268
568 569
268 269
569 570
269 270
570 571
270 271
571 572
271 272
572 573
272 273
573 574
273 274
574 575
274 275
575 576
275 276
576 577
276 277
577 578
277 278
578 579
278 279
579 580
279 280
580 581
280 281
581 582
281 282
582 583
282 283
583 584
283 284
584 585
284 285
585 586
285 286
586 587
286 287
587 588
287 288
588 589
288 289
589 590
289 290
590 591
290 291
591 592
291 292
592 593
292 293
593 594
293 294
594 595
294 295
595 596
295 296
596 597
296 297
597 598
297 298
598 599
298 299
599 600
216 408
299 476
159 331
259 505
266 493
268 400
252 431
264 458
95 366
152 377
54 325
253 340
234 346
285 525
195 410
181 351
98 317
74 307
255 484
195 316
219 331
102 399
220 330
223 503
125 339
165 307
210 302
293 338
262 444
257 327
58 357
230 435
248 541
266 338
279 320
25 312
185 311
290 327
74 320
286 563
170 306
90 330
279 532
80 313
20 304
260 407
144 432
129 409
130 359
209 330
285 494
90 388
249 473
245 310
259 372
51 329
245 468
115 363
171 336
229 443
234 328
181 463
273 453
80 370
254 533
158 453
263 370
208 318
281 421
218 511
222 478
31 328
182 471
165 409
137 376
245 403
162 334
295 401
115 337
149 433
298 528
50 328
172 329
161 330
148 375
221 483
184 376
268 307
248 535
284 441
180 404
153 369
70 309
269 468
173 445
232 424
271 494
234 359
187 447
100 357
293 493
262 507
131 380
175 340
164 359
220 350
229 512
254 399
106 356
290 305
242 421
189 344
229 311
104 320
231 376
163 357
264 306
250 365
253 504
74 339
286 447
164 374
191 308
136 335
179 314
240 372
144 324
250 538
276 494
127 392
209 350
118 303
128 405
224 347
298 437
61 303
262 536
219 468
270 455
299 595
61 316
252 464
17 305
155 352
254 318
148 305
250 316
158 419
82 318
143 422
158 325
257 472
260 495
115 308
54 303
184 416
216 461
235 469
135 393
70 327
298 370
210 485
197 379
212 435
246 442
164 380
88 342
291 445
188 379
46 322
248 547
269 452
294 333
238 434
260 434
231 306
242 511
178 365
221 336
126 407
132 311
166 434
177 406
86 303
268 402
119 388
287 333
258 305
223 326
253 391
172 466
245 351
259 375
130 330
242 462
247 372
126 365
141 399
265 318
245 499
288 416
181 340
267 532
285 409
163 415
182 467
210 345
132 365
282 459
171 451
254 390
123 345
269 513
289 576
224 482
192 487
123 339
229 342
214 319
169 313
89 340
51 338
256 431
138 412
109 329
296 501
294 312
184 302
280 546
144 375
292 449
91 331
207 462
149 397
209 358
281 422
185 318
277 405
258 398
222 454
128 363
285 380
180 390
58 331
157 396
191 377
75 356
66 343
188 343
197 459
240 363
162 368
263 556
284 328
43 342
226 379
116 305
274 468
251 458
103 383
273 472
294 412
219 349
280 478
253 425
92 364
155 451
193 421
236 399
219 431
201 370
86 324
211 505
268 325
172 366
246 402
105 395
217 325
167 395
177 414
223 519
246 441
283 319
297 525
73 354
209 305
253 312
158 394
254 482
272 376
256 422
288 580
253 469
118 310
57 332
98 350
214 404
267 542
157 317
212 373
196 376
194 342
251 516
283 520
211 493
163 462
273 388
218 375
294 371
236 487
235 407
235 485
215 342
274 548
236 497
129 397
299 343
85 312
178 448
290 404
226 394
139 399
196 350
179 441
51 344
295 522
170 438
205 392
230 507
289 438
298 520
96 326
251 534
192 418
189 468
145 405
291 327
219 408
293 544
167 439
177 308
233 378
219 478
235 354
173 322
132 389
125 304
165 452
261 534
210 482
197 354
175 351
52 303
226 390
126 310
260 350
258 528
133 403
214 464
294 548
235 428
200 374
110 340
220 355
51 333
153 343
36 330
182 397
186 442
185 396
274 555
296 372
299 514
141 308
222 430
151 339
249 387
255 527
58 340
147 440
156 451
286 308
151 335
164 459
299 457
122 383
291 520
257 425
177 399
203 313
241 392
278 405
166 419
290 412
49 326
297 415
140 417
144 355
293 386
217 384
99 361
130 310
271 360
68 325
