59 63 3643 1000000000000
639101 1000000 386476 1000000 814549 793533 510187 486275 646405 601551 786333 320509 780487 713764 613479 826823 674942 819506 654786 1000000 546872 516658 406276 748620 470417 997822 741735 951287 694695 446029 758490 724312 556654 1000000 847165 608102 838818 925394 2752 1000000 1000000 787598 1000000 893625 1000000 1000000 872820 596691 1000000 961753 1000000 1000000 939645 943792 1000000 900737 1000000 897053 1000000 811251 785267 931062 1000000
384496 87967 500291 281192 548884 495871 785801 551221 590934 863528 1000000 518857 637265 494714 492060 662105 1000000 1000000 960543 931341 767484 417221 647273 450796 689135 1000000 732480 1000000 86410 841229 638762 313870 938253 662570 618278 1000000 649154 748222 834760 1000000 551013 722204 1000000 661721 1000000 883434 880848 810116 880985 857217 511240 936248 1000000 973803 1000000 768026 1000000 505548 901322 699230 958808 1000000 1000000
953625 501287 976356 757389 630145 42068 1000000 139354 1000000 823593 608474 198611 397681 323463 662889 219225 692894 230454 162793 964450 733340 1000000 1000000 654293 764105 898539 178252 1000000 497603 1000000 609301 717900 928235 743349 718546 452619 693664 812747 513610 1000000 628728 213055 1000000 208573 700765 790508 582391 1000000 488953 1000000 1000000 618719 882844 910819 926336 817373 636167 904863 577525 1000000 856147 827060 1000000
466190 425211 653581 439877 1000000 789086 996739 266614 705811 943602 610257 765318 530320 295455 492490 392642 629263 787432 1000000 865087 717632 921725 539484 564104 602607 983783 675329 521137 689418 889539 550045 141401 1000000 974576 1000000 648507 814785 720445 659150 788613 687230 908447 775246 1000000 1000000 849796 754638 789027 771853 909073 1000000 1000000 893267 1000000 652890 804216 704005 944672 1000000 987089 1000000 852172 658125
549695 368589 837695 954871 377007 524344 415640 246917 762466 452525 895320 735495 362891 819360 240855 389599 656702 674413 835549 570403 524967 1000000 1000000 396389 519924 868849 1000000 609386 784796 964664 865903 904925 1000000 1000000 766595 503126 516131 775604 1000000 1000000 925407 779481 1000000 1000000 852575 854476 640047 1000000 841872 1000000 726402 759664 874485 948508 1000000 609995 1000000 1000000 1000000 1000000 628645 289664 868103
544495 840759 377557 571915 677310 923268 498065 226502 622442 691447 495303 859153 461628 432869 618341 694871 917571 945698 1000000 557703 1000000 853787 845323 719317 974135 601844 1000000 625825 756277 538943 799675 991285 726650 766096 934828 593433 1000000 967876 1000000 1000000 539676 662820 879696 1000000 720401 1000000 1000000 1000000 811066 1000000 1000000 879298 586392 761337 1000000 636201 839796 1000000 1000000 1000000 1000000 935299 1000000
341625 901289 319248 416800 394211 516599 671623 995976 799387 689758 859487 667989 653326 1000000 688940 0 614854 1000000 695026 469883 1000000 815076 493884 761475 970971 758247 1000000 559241 486288 695920 987303 697206 964308 1000000 825446 906788 1000000 713059 644973 889608 818791 813573 668816 888442 647384 538521 1000000 848387 1000000 509938 751723 101900 1000000 1000000 1000000 875585 1000000 806556 601431 957877 711222 686489 54573
891497 321470 584476 379876 474626 777712 99227 767274 362787 611469 429094 955696 800210 963252 740244 855921 466789 537525 870347 543596 474872 685721 711667 991012 1000000 1000000 650035 1000000 790810 1000000 1000000 1000000 1000000 1000000 1000000 629130 878500 807549 1000000 1000000 1000000 960433 766502 1000000 799470 1000000 1000000 1000000 1000000 714601 1000000 967074 883528 799696 1000000 1000000 1000000 601704 953266 975893 1000000 964628 667516
984675 461651 846886 630946 584219 899171 1000000 471721 199365 221773 607466 851744 541864 627383 436290 551153 973670 794943 722446 842740 1000000 850831 498545 755055 740369 712259 1000000 67685 224829 742977 749603 809938 570169 323797 1000000 812849 581068 1000000 975781 775562 1000000 509922 950782 1000000 1000000 828000 1000000 1000000 633215 1000000 562581 1000000 919862 444922 1000000 1000000 1000000 811504 789763 1000000 1000000 864644 1000000
554969 182285 12151 689722 645262 739255 894294 1000000 801666 675531 691588 633827 752255 1000000 647453 572816 769091 496930 782263 244060 544349 1000000 661949 683185 472172 529211 859879 785639 165528 347509 1000000 614563 1000000 839486 1000000 825212 1000000 887864 542587 806539 746424 870908 1000000 856333 946691 975529 742756 580830 793973 753378 1000000 714133 1000000 617341 1000000 647413 1000000 1000000 1000000 989550 1000000 1000000 756101
670979 773627 382075 742990 770382 219212 434329 311985 543937 505974 592228 1000000 0 681296 994014 296706 1000000 364867 713532 757201 1000000 1000000 954950 762451 1000000 501542 1000000 943332 856578 864495 835531 592874 832790 768799 878511 929418 1000000 796246 1000000 643662 1000000 904853 663446 960844 1000000 940474 978918 993973 718783 932910 858794 494326 765628 763193 1000000 560101 1000000 696097 1000000 790371 568585 812865 622136
1000000 726062 899365 304198 711127 413877 490243 522141 669444 527534 701812 883412 667915 552393 159673 881993 740805 852766 880866 553466 567363 1000000 1000000 836069 581486 847155 852949 549267 990322 804561 421552 591435 937853 407008 883914 734897 810244 1000000 651968 743237 953744 901330 643619 1000000 1000000 741356 1000000 1000000 943522 999360 1000000 1000000 753345 188895 1000000 231591 599227 1000000 878047 904974 657933 1000000 828846
354810 660504 780027 652754 670737 323409 563920 922005 609441 474065 798264 259518 1000000 839965 664992 1000000 531507 745737 866129 942705 124426 1000000 679544 748726 404467 802705 880266 884859 181958 1000000 551936 1000000 766813 799124 1000000 839081 645743 605864 838478 837114 580732 1000000 1000000 1000000 1000000 1000000 1000000 1000000 974307 438042 1000000 1000000 830066 912514 1000000 724636 1000000 1000000 828359 1000000 1000000 906213 1000000
735764 1000000 233339 1000000 912598 641967 718885 694300 662233 671203 800923 858384 292831 732862 1000000 365274 0 692951 463195 658307 504374 718806 880996 715365 552764 730900 859142 738087 943614 363928 928321 384196 811945 710035 900324 689409 839303 962509 1000000 828981 578862 672743 1000000 957275 788724 669228 1000000 844488 1000000 864822 1000000 1000000 452105 1000000 1000000 1000000 642299 1000000 937317 852032 743646 613042 274594
797427 511013 589790 826985 631280 615587 633796 765723 417808 592287 700814 694682 538618 1000000 793411 720216 563081 1000000 733089 447158 1000000 994778 322312 1000000 718881 528222 938337 1000000 1000000 1000000 848652 920150 959146 802371 296097 1000000 971926 1000000 840423 1000000 951526 590065 734283 1000000 943317 848864 1000000 1000000 1000000 989776 1000000 520821 1000000 904935 628568 1000000 1000000 1000000 1000000 915438 1000000 569900 666674
834442 61339 570464 1000000 667269 560441 820567 411452 141456 885050 242500 778589 435478 839559 1000000 1000000 579379 214211 714419 845829 404715 523264 1000000 960432 903937 811716 1000000 1000000 392628 1000000 661347 1000000 941511 1000000 1000000 919791 982138 1000000 753690 564554 1000000 952507 588218 1000000 1000000 915155 827866 875659 650927 830176 840510 811686 650678 811304 627191 992840 1000000 877494 754418 818629 622672 534410 1000000
1000000 825176 826599 225423 804590 540031 1000000 942452 740807 656664 394350 972106 765603 815114 1000000 937069 1000000 710755 1000000 793201 707627 504258 613546 1000000 388573 749490 1000000 1000000 665710 974818 486775 829126 970228 512752 1000000 1000000 1000000 902696 946066 1000000 1000000 1000000 1000000 857546 918244 845922 1000000 1000000 1000000 583794 999412 499651 522129 1000000 1000000 1000000 916932 408258 594800 937250 877699 540588 363048
420092 558499 1000000 0 695486 1000000 676037 629784 905587 858496 537459 385493 420423 710593 716272 1000000 875915 1000000 660474 912861 997947 678943 841284 815911 1000000 736058 902187 633274 986829 872844 773786 868184 1000000 1000000 361139 1000000 508846 858819 1000000 811322 859375 681692 592345 1000000 924928 1000000 653127 1000000 874746 737946 432250 677682 1000000 1000000 1000000 505226 623510 1000000 1000000 578802 794574 715121 1000000
441466 347755 530948 481729 503173 765199 300909 314647 825794 500862 954515 1000000 986643 563621 750817 897008 568929 724503 844199 1000000 949829 855272 574023 915369 733228 966103 1000000 948346 1000000 1000000 827839 827160 938186 548941 796641 864735 565923 1000000 730988 1000000 1000000 741444 829904 477484 381538 1000000 1000000 693305 595533 1000000 366553 941590 799806 344603 643890 618912 951015 627072 419150 952452 1000000 645629 825906
281791 847308 390009 956426 1000000 893618 1000000 833180 630444 722487 162730 232140 1000000 630898 1000000 413612 552728 806542 951762 727002 666063 542176 1000000 940592 554863 965894 652678 648137 605711 882744 831753 828796 1000000 1000000 942534 713770 541592 639743 887102 995692 778205 787114 1000000 1000000 674489 822061 1000000 1000000 941186 731213 1000000 946625 991551 1000000 1000000 788505 790390 557222 695656 1000000 758388 613192 940297
697613 698975 435964 822714 1000000 803140 671781 626752 494144 1000000 290711 729415 875400 605108 447510 589607 571652 991686 525524 976802 788520 580222 1000000 1000000 801997 827828 1000000 970003 993937 847584 603653 993566 1000000 1000000 852953 1000000 1000000 492303 1000000 1000000 1000000 1000000 943976 141243 1000000 816422 908089 755380 1000000 895900 919775 1000000 588639 1000000 1000000 840742 502111 969658 986717 1000000 998561 932190 392138
1000000 850888 599005 188104 891120 1000000 916437 1000000 694019 567936 915365 414721 655053 732207 916781 632083 240738 932247 671535 878953 1000000 801113 641562 1000000 887657 893082 640771 942090 1000000 1000000 905317 402868 691457 905575 932608 941078 591162 1000000 801634 802128 959247 1000000 1000000 1000000 847559 530279 1000000 827972 1000000 1000000 656733 1000000 895722 959796 1000000 1000000 627754 691124 762934 1000000 676501 973371 867211
692333 648167 760994 1000000 678007 727079 1000000 978301 414261 1000000 1000000 778450 1000000 1000000 1000000 936271 907021 673159 1000000 900348 745142 1000000 991898 637168 935844 871231 74695 681707 939608 1000000 526213 1000000 718803 887130 907553 1000000 747250 951825 802361 598633 1000000 1000000 555301 738110 1000000 1000000 978078 562879 486079 180937 970834 1000000 949617 274236 681054 1000000 718956 285001 598450 1000000 946041 1000000 914538
744299 870873 621879 494721 484142 263654 878915 676573 1000000 750436 529753 821966 642712 967138 778256 562512 904400 605946 930379 716681 1000000 750401 632852 668606 912535 647236 804198 1000000 591399 791533 577125 592096 951832 842811 721084 749185 800414 1000000 743086 695740 860881 1000000 1000000 845970 985989 628744 1000000 579457 720331 1000000 659050 507847 743204 1000000 518450 1000000 630546 1000000 842325 667275 1000000 647505 1000000
759827 699423 776576 1000000 367199 963146 807854 1000000 900728 511891 501612 759859 1000000 439113 925716 626162 717600 774205 912966 655629 896253 896039 832234 1000000 720133 908705 767492 1000000 775898 912421 903767 681556 918594 867003 1000000 813997 1000000 817895 830679 1000000 687169 1000000 953096 777111 913411 917329 855772 848295 563821 819349 1000000 993920 810891 767666 791349 719563 742086 988261 919406 802230 527105 112920 1000000
973518 976492 667514 692658 577917 504464 834177 1000000 672282 546522 1000000 492148 949015 970123 895905 808674 872420 594025 808920 768295 1000000 698584 680842 936172 1000000 960226 809479 1000000 493887 935847 795220 1000000 1000000 874892 436026 1000000 1000000 1000000 1000000 780244 998495 888477 675925 1000000 718596 664302 1000000 1000000 957376 917797 757775 766842 844601 821291 1000000 575048 657131 738288 749628 478539 1000000 338072 1000000
967701 709801 596190 942178 1000000 640074 758119 596060 981170 1000000 394636 465706 662029 975644 790243 733761 1000000 822515 714548 703315 1000000 749493 764570 1000000 1000000 888011 1000000 604875 1000000 1000000 832670 863485 861217 1000000 1000000 407642 991826 1000000 288173 815537 1000000 754305 1000000 645229 1000000 774475 1000000 880700 693051 843529 613416 1000000 672735 1000000 627413 579994 997870 1000000 725695 903030 924934 1000000 1000000
357364 330983 502668 941170 1000000 1000000 806556 579595 107802 765769 679091 506896 1000000 391353 1000000 799603 623219 1000000 1000000 882414 1000000 370068 767240 898890 662586 1000000 948795 1000000 1000000 875394 886743 1000000 762004 925342 831883 1000000 574828 937131 699016 816209 602265 242852 951377 787113 858354 597594 976067 390097 744585 775725 711463 449634 839414 828092 783831 628291 365595 873434 817001 797960 499582 51490 728741
283632 757422 629100 309500 912799 507222 844172 761620 664448 723455 573349 642563 615313 928814 900878 578416 720762 969700 931644 922080 935132 1000000 731739 1000000 829062 928340 553996 832643 512356 865776 1000000 714577 1000000 1000000 730730 929033 1000000 1000000 766522 1000000 366562 1000000 242022 931853 901178 637038 241279 1000000 1000000 1000000 489092 1000000 1000000 944050 488205 945728 1000000 1000000 760127 997906 611832 1000000 298622
465566 784560 811791 498600 642407 1000000 756737 607312 438265 497998 1000000 659121 1000000 1000000 814106 1000000 1000000 951523 860353 802514 600919 946756 869295 1000000 913774 1000000 860901 838848 995831 1000000 168138 1000000 1000000 818581 762099 1000000 1000000 723311 751872 788060 984340 332975 591766 926048 755670 870719 782660 960583 592182 641322 268339 994619 650158 944960 1000000 941333 1000000 974626 777909 1000000 619063 564016 949144
1000000 929124 1000000 948155 530745 908133 530685 728719 445066 875896 577970 596100 1000000 579071 851835 861598 846539 611548 525592 341977 741890 997840 1000000 1000000 977026 774968 1000000 976728 663629 592145 1000000 890174 638350 469685 808576 1000000 1000000 658255 1000000 512291 1000000 877730 1000000 1000000 840862 796018 1000000 808700 465535 579394 958040 913211 1000000 898435 101515 1000000 763869 449970 1000000 772365 628795 543434 1000000
990435 473972 808888 78174 833658 943090 1000000 833050 952794 1000000 612999 929905 717944 879699 1000000 758412 927690 1000000 1000000 1000000 633130 924771 816262 708763 813562 1000000 1000000 1000000 1000000 870132 521915 617135 848649 835314 994965 1000000 1000000 594014 1000000 1000000 864521 925003 905156 1000000 679246 945352 939339 1000000 1000000 738344 858817 441459 698565 429683 986528 818055 831214 850849 629900 1000000 919355 653160 922916
496253 895830 801171 1000000 973690 573406 921646 1000000 580826 634067 798804 578313 488892 343505 850527 833756 747986 1000000 836542 475276 319200 1000000 1000000 913039 886824 1000000 1000000 1000000 860785 540127 1000000 869950 615711 523776 732397 877753 501762 1000000 1000000 640456 702577 945496 593318 1000000 640575 707882 555720 769183 669266 712623 1000000 421430 651388 932228 223819 572831 222770 796822 556478 701580 673536 707855 978199
562663 857849 1000000 1000000 1000000 227212 411289 792449 1000000 853278 1000000 940916 1000000 880858 1000000 426993 1000000 922987 1000000 834897 841630 1000000 1000000 1000000 423873 726335 663714 1000000 990397 942827 1000000 976130 1000000 914528 1000000 1000000 848495 1000000 820717 652785 1000000 435385 571648 783959 448667 822914 794235 1000000 714494 981290 637565 1000000 1000000 299471 495528 608918 923468 1000000 904956 708120 883017 1000000 838526
680845 1000000 1000000 551153 932030 959463 1000000 1000000 656968 803526 1000000 645873 923790 1000000 1000000 1000000 711571 764389 660457 535142 793381 1000000 1000000 898047 932472 1000000 751951 1000000 613818 810066 679206 927509 1000000 708406 1000000 1000000 708530 1000000 641429 440564 642351 916913 1000000 337241 825478 192176 1000000 656205 831858 178901 314166 757697 541281 879617 774716 1000000 919472 686747 504624 862146 795668 231670 1000000
511334 957590 561034 655621 711684 406599 1000000 696332 849220 581249 557335 1000000 1000000 1000000 758900 1000000 825997 1000000 971423 348653 469848 1000000 1000000 628804 748164 934600 810570 876079 952158 917307 980000 1000000 870074 349957 520552 940272 569207 1000000 746300 799928 1000000 1000000 440704 894249 978518 614635 1000000 932586 1000000 744910 928103 988094 814630 51037 815145 638757 786868 1000000 780150 956317 676456 1000000 1000000
571634 735982 892918 412936 991828 680138 779124 908508 889564 678348 909344 955004 860969 899715 978240 1000000 979325 885952 774799 1000000 986470 716804 997697 1000000 566919 1000000 1000000 1000000 925081 893140 457069 1000000 873095 717951 437421 913970 554391 1000000 967848 808205 731385 855994 401533 923947 674132 1000000 641863 908186 655481 786319 872792 1000000 994084 648401 667854 815152 746002 875256 491270 996757 730653 728396 622221
609000 800431 445324 1000000 763506 572493 1000000 560334 1000000 379009 1000000 768490 409500 781505 1000000 698303 830796 1000000 936382 1000000 712884 957853 1000000 1000000 1000000 1000000 1000000 1000000 1000000 1000000 625466 1000000 974400 838254 1000000 669403 630146 845752 510293 1000000 578759 1000000 767093 1000000 879741 635753 1000000 896194 1000000 714124 1000000 410565 973835 554739 924287 1000000 176131 720015 907581 1000000 884881 1000000 978521
654309 1000000 940884 934452 1000000 940236 894411 1000000 932300 1000000 1000000 761163 1000000 1000000 797469 1000000 810269 1000000 877745 1000000 1000000 1000000 725726 921806 525652 833888 957527 1000000 829341 736947 1000000 910158 1000000 1000000 836054 925535 1000000 1000000 721864 629146 625143 1000000 481844 651626 440814 970129 428348 617460 695129 681493 455066 400979 379986 740497 870416 642388 795784 687454 1000000 783944 301433 463396 437630
750845 852848 744238 709275 727155 921962 822365 716223 715726 1000000 1000000 454229 1000000 1000000 947382 625289 223688 1000000 767033 1000000 624487 958498 1000000 1000000 844658 1000000 584718 447452 835254 694693 611789 230198 649892 1000000 498427 881058 1000000 703039 479025 705817 563517 449049 127561 842198 589726 869840 1000000 811292 1000000 570780 743798 539001 831894 941818 398497 1000000 782324 557265 992673 702687 955321 778619 0
921119 495427 725223 1000000 799554 959310 731202 570125 726834 437731 683529 915037 542438 1000000 487308 974487 1000000 702419 998241 672593 1000000 1000000 770891 1000000 764871 725514 646879 1000000 414952 659616 839637 842846 927448 658350 974344 444063 1000000 1000000 1000000 771505 934884 480313 276798 1000000 624445 422705 436642 1000000 906134 991202 1000000 1000000 516255 899910 566790 676527 321186 340538 943824 211893 1000000 744798 464953
969223 414765 868915 461557 229023 980724 818689 745774 832030 398113 692405 748731 732523 1000000 939846 658378 942696 803261 1000000 1000000 1000000 828585 1000000 820811 987391 1000000 791109 902862 1000000 795048 331853 1000000 1000000 1000000 249341 659188 986281 1000000 994447 398086 1000000 1000000 689406 681140 1000000 776523 178646 806396 489848 389287 593911 916183 887360 15008 875910 554171 560282 514217 850446 756454 1000000 566696 436290
1000000 551807 1000000 847452 845014 1000000 432848 892567 1000000 1000000 1000000 543426 995228 1000000 557036 995351 745289 950605 1000000 1000000 949132 698919 1000000 784990 1000000 1000000 1000000 1000000 654589 1000000 846337 796919 1000000 1000000 1000000 1000000 851606 967259 1000000 1000000 805587 927331 685596 997175 439686 306566 424279 573230 637558 801149 918433 646809 363533 941706 567212 704093 931133 1000000 1000000 1000000 0 1000000 924718
842393 630114 768536 812593 871481 825223 271759 1000000 1000000 1000000 687343 1000000 1000000 926656 1000000 527084 702346 1000000 742665 918202 1000000 692142 559286 388011 692112 1000000 872008 549739 1000000 254153 1000000 774131 1000000 1000000 1000000 580485 786768 1000000 364851 715564 753789 1000000 985362 1000000 536861 524338 709655 296347 602851 893734 838639 859798 901039 803077 920973 298584 27631 534150 1000000 611612 585508 986379 630032
560758 704112 500724 1000000 658739 480450 777155 1000000 528512 757768 718382 1000000 911272 821147 586690 560585 1000000 1000000 743633 694319 686014 892766 1000000 707559 1000000 310980 1000000 1000000 485226 583081 1000000 1000000 1000000 919791 1000000 921777 915352 658821 1000000 629049 920846 909549 1000000 639137 702933 1000000 652982 795679 393434 1000000 923461 316947 484970 627458 1000000 1000000 870073 284131 659308 936681 664266 818815 1000000
839725 619544 1000000 890556 800290 1000000 1000000 1000000 871427 570958 584720 1000000 837490 1000000 1000000 737867 914707 903943 1000000 1000000 750972 672182 893339 984851 626684 1000000 628506 1000000 876604 1000000 1000000 703974 698725 1000000 1000000 1000000 873709 770059 750475 495526 947320 322545 851314 651776 479017 828678 1000000 699666 597472 512715 1000000 823813 594765 810904 1000000 684122 446809 637279 737685 565327 601088 359770 15377
358175 1000000 580133 562858 901349 1000000 821840 801894 638760 1000000 796682 1000000 864228 789021 1000000 1000000 1000000 930081 1000000 616393 839349 699065 663114 967302 869518 869928 474600 815342 872699 952274 721965 789511 1000000 247282 672163 1000000 626389 697186 459369 1000000 208970 558685 589548 679906 228957 561365 879882 949342 821883 801614 603630 773373 610375 1000000 423273 928682 539496 1000000 885772 875326 1000000 903746 651813
437730 598522 1000000 685111 773641 900357 979429 792746 712343 945929 936177 962453 957475 1000000 1000000 1000000 671537 1000000 1000000 916518 1000000 1000000 599763 732915 1000000 886237 1000000 1000000 827456 742810 1000000 423402 1000000 364845 1000000 717141 937004 682289 689078 645398 691536 1000000 854541 627889 845723 412652 723338 238259 1000000 886661 1000000 787150 871605 810251 886119 676263 833676 860181 68193 628101 590648 639629 961164
875813 1000000 1000000 943738 1000000 670041 1000000 1000000 1000000 1000000 1000000 1000000 1000000 557100 1000000 640823 889566 1000000 659106 1000000 519990 1000000 818267 1000000 716837 546466 865322 396503 982329 1000000 1000000 709481 868718 463230 774764 908892 631625 638406 129177 884398 340531 590296 992574 809544 1000000 927694 286569 514934 585076 546222 661584 332848 537242 692815 1000000 929580 581412 266040 616548 886602 286075 906147 554045
1000000 1000000 1000000 722591 996756 789251 1000000 818248 822406 1000000 821812 688355 542860 992589 594044 666642 1000000 1000000 1000000 745551 662918 484964 929527 517361 696092 652619 1000000 1000000 534758 883697 695423 881994 896997 990953 712013 816624 674986 1000000 822045 643272 914057 768860 856057 548935 656932 1000000 536796 713080 1000000 910373 914770 1000000 431553 712845 796675 329887 788230 829943 335251 345349 1000000 687954 487705
982204 375521 1000000 1000000 861238 805040 712637 800552 759026 865552 1000000 768654 777717 902280 1000000 522979 585956 824201 1000000 1000000 1000000 1000000 675539 609102 471934 928580 170848 860972 900889 688722 865746 878344 791309 484995 860443 655274 800386 883757 649413 993547 1000000 659642 296942 575793 495753 471429 820516 487051 509311 882478 1000000 849602 515002 896516 1000000 593723 513724 351249 488591 944987 755716 610340 380845
696837 1000000 1000000 1000000 1000000 709492 1000000 1000000 1000000 518658 1000000 1000000 867867 705209 981997 766642 677067 986439 740667 1000000 855028 228515 943827 949045 1000000 837173 996550 703482 1000000 661475 597392 753203 494752 386905 367797 856872 503007 662373 814878 939886 554932 941555 554762 945615 855384 1000000 1000000 547701 599096 705591 938650 607114 745037 461547 413674 255680 635406 986921 794204 687633 533598 571894 640556
707853 1000000 1000000 817112 467001 1000000 723552 725815 588681 1000000 915084 1000000 809674 576810 1000000 1000000 1000000 905988 855974 770005 774116 923054 920707 966453 588344 797594 371963 531028 385508 155454 415516 716456 841625 262585 476118 104770 1000000 1000000 897167 803695 974665 646307 598809 697995 198334 1000000 974911 300773 533762 634649 771079 788184 384188 132341 162707 420694 272537 458896 877060 885545 531680 84809 870205
803610 1000000 1000000 1000000 464332 606517 709473 1000000 1000000 910369 916454 856702 639762 1000000 842185 1000000 767821 1000000 871751 574580 997199 1000000 1000000 784756 851819 203321 993972 839748 290843 979274 550062 965188 850697 751042 621758 1000000 820614 639123 1000000 1000000 328574 551075 1000000 405376 1000000 479693 826427 889030 570776 848055 790247 1000000 761332 837049 306413 991676 577518 603022 108702 630612 411523 366987 682879
901628 1000000 530041 1000000 1000000 1000000 273454 794880 888857 913489 842550 746536 1000000 1000000 914246 750601 697993 797756 860308 467116 1000000 1000000 918222 899761 594477 1000000 1000000 292859 1000000 987991 1000000 647665 1000000 812680 1000000 1000000 744806 798118 98112 866655 687657 235700 864275 722764 960928 714812 437444 1000000 604415 1000000 973203 770684 858153 434466 664743 1000000 233986 647107 621334 161588 828947 223392 361296
811784 645348 1000000 643741 793140 577777 1000000 884002 1000000 717054 664911 1000000 1000000 1000000 128237 1000000 643867 886229 1000000 360217 965574 1000000 1000000 846691 529708 938986 518588 1000000 1000000 891464 992370 833240 1000000 592095 1000000 826639 672692 856753 634567 920110 626394 828416 808841 1000000 753678 396039 754278 719608 841584 719496 533822 993670 896807 384677 1000000 611674 697626 808407 638978 750356 504135 401578 430818
1000000 941249 840864 1000000 968692 782688 676131 1000000 1000000 1000000 742158 857066 931931 789465 1000000 773899 1000000 846973 1000000 850314 903464 1000000 813047 442150 820310 823780 955492 760422 860647 377065 1000000 929906 1000000 763706 949834 715374 889701 395843 664090 1000000 641786 351318 1000000 643140 413896 858789 497643 712735 741463 729123 949158 185566 905214 818804 848564 320039 310961 791122 922650 945032 731588 606153 372239
905892 1000000 795144 807425 1000000 1000000 850198 1000000 1000000 918160 1000000 1000000 908251 777082 722536 1000000 960174 704499 251193 798570 1000000 345039 901008 955751 1000000 768215 472266 947010 1000000 1000000 587449 825176 529326 326060 1000000 827616 1000000 781298 544555 788534 499266 249914 984465 639054 626234 523643 1000000 743663 497770 853933 476900 1000000 644974 1000000 250064 298271 956875 611972 632408 170393 695920 653955 156412
1000000 946893 1000000 1000000 580613 1000000 732642 1000000 1000000 583393 456951 865601 689104 702766 515858 838114 927797 561245 652642 780991 1000000 1000000 1000000 699766 759866 674070 1000000 573234 1000000 1000000 324116 562130 852122 1000000 614154 1000000 227456 1000000 698761 696052 510546 424453 572989 776487 916910 566769 648413 613715 1000000 609291 413529 409422 0 685993 788607 730633 640140 823571 497961 439330 178751 863528 334309
0 0 0 0 0 0 0 0 0 0 0 0 0 0 0 0 0 0 0 0 0 0 0 0 0 0 0 0 0 0 0 0 0 0 0 0 0 0 0 0 0 0 0 0 0 0 0 0 0 0 0 0 0 0 0 0 0 0 0 0 0 0 0
0 0 0 0 0 0 0 0 0 0 0 0 0 0 0 0 0 0 0 0 0 0 0 0 0 0 0 0 0 0 0 0 0 0 0 0 0 0 0 0 0 0 0 0 0 0 0 0 0 0 0 0 0 0 0 0 0 0 0 0 0 0 0
0 0 0 0 0 0 0 0 0 0 0 0 0 0 0 0 0 0 0 0 0 0 0 0 0 0 0 0 0 0 0 0 0 0 0 0 0 0 0 0 0 0 0 0 0 0 0 0 0 0 0 0 0 0 0 0 0 0 0 0 0 0 0
0 0 0 0 0 0 0 0 0 0 0 0 0 0 0 0 0 0 0 0 0 0 0 0 0 0 0 0 0 0 0 0 0 0 0 0 0 0 0 0 0 0 0 0 0 0 0 0 0 0 0 0 0 0 0 0 0 0 0 0 0 0 0
0 0 0 0 0 0 0 0 0 0 0 0 0 0 0 0 0 0 0 0 0 0 0 0 0 0 0 0 0 0 0 0 0 0 0 0 0 0 0 0 0 0 0 0 0 0 0 0 0 0 0 0 0 0 0 0 0 0 0 0 0 0 0
0 0 0 0 0 0 0 0 0 0 0 0 0 0 0 0 0 0 0 0 0 0 0 0 0 0 0 0 0 0 0 0 0 0 0 0 0 0 0 0 0 0 0 0 0 0 0 0 0 0 0 0 0 0 0 0 0 0 0 0 0 0 0
0 0 0 0 0 0 0 0 0 0 0 0 0 0 0 0 0 0 0 0 0 0 0 0 0 0 0 0 0 0 0 0 0 0 0 0 0 0 0 0 0 0 0 0 0 0 0 0 0 0 0 0 0 0 0 0 0 0 0 0 0 0 0
0 0 0 0 0 0 0 0 0 0 0 0 0 0 0 0 0 0 0 0 0 0 0 0 0 0 0 0 0 0 0 0 0 0 0 0 0 0 0 0 0 0 0 0 0 0 0 0 0 0 0 0 0 0 0 0 0 0 0 0 0 0 0
0 0 0 0 0 0 0 0 0 0 0 0 0 0 0 0 0 0 0 0 0 0 0 0 0 0 0 0 0 0 0 0 0 0 0 0 0 0 0 0 0 0 0 0 0 0 0 0 0 0 0 0 0 0 0 0 0 0 0 0 0 0 0
0 0 0 0 0 0 0 0 0 0 0 0 0 0 0 0 0 0 0 0 0 0 0 0 0 0 0 0 0 0 0 0 0 0 0 0 0 0 0 0 0 0 0 0 0 0 0 0 0 0 0 0 0 0 0 0 0 0 0 0 0 0 0
0 0 0 0 0 0 0 0 0 0 0 0 0 0 0 0 0 0 0 0 0 0 0 0 0 0 0 0 0 0 0 0 0 0 0 0 0 0 0 0 0 0 0 0 0 0 0 0 0 0 0 0 0 0 0 0 0 0 0 0 0 0 0
0 0 0 0 0 0 0 0 0 0 0 0 0 0 0 0 0 0 0 0 0 0 0 0 0 0 0 0 0 0 0 0 0 0 0 0 0 0 0 0 0 0 0 0 0 0 0 0 0 0 0 0 0 0 0 0 0 0 0 0 0 0 0
0 0 0 0 0 0 0 0 0 0 0 0 0 0 0 0 0 0 0 0 0 0 0 0 0 0 0 0 0 0 0 0 0 0 0 0 0 0 0 0 0 0 0 0 0 0 0 0 0 0 0 0 0 0 0 0 0 0 0 0 0 0 0
0 0 0 0 0 0 0 0 0 0 0 0 0 0 0 0 0 0 0 0 0 0 0 0 0 0 0 0 0 0 0 0 0 0 0 0 0 0 0 0 0 0 0 0 0 0 0 0 0 0 0 0 0 0 0 0 0 0 0 0 0 0 0
0 0 0 0 0 0 0 0 0 0 0 0 0 0 0 0 0 0 0 0 0 0 0 0 0 0 0 0 0 0 0 0 0 0 0 0 0 0 0 0 0 0 0 0 0 0 0 0 0 0 0 0 0 0 0 0 0 0 0 0 0 0 0
0 0 0 0 0 0 0 0 0 0 0 0 0 0 0 0 0 0 0 0 0 0 0 0 0 0 0 0 0 0 0 0 0 0 0 0 0 0 0 0 0 0 0 0 0 0 0 0 0 0 0 0 0 0 0 0 0 0 0 0 0 0 0
0 0 0 0 0 0 0 0 0 0 0 0 0 0 0 0 0 0 0 0 0 0 0 0 0 0 0 0 0 0 0 0 0 0 0 0 0 0 0 0 0 0 0 0 0 0 0 0 0 0 0 0 0 0 0 0 0 0 0 0 0 0 0
0 0 0 0 0 0 0 0 0 0 0 0 0 0 0 0 0 0 0 0 0 0 0 0 0 0 0 0 0 0 0 0 0 0 0 0 0 0 0 0 0 0 0 0 0 0 0 0 0 0 0 0 0 0 0 0 0 0 0 0 0 0 0
0 0 0 0 0 0 0 0 0 0 0 0 0 0 0 0 0 0 0 0 0 0 0 0 0 0 0 0 0 0 0 0 0 0 0 0 0 0 0 0 0 0 0 0 0 0 0 0 0 0 0 0 0 0 0 0 0 0 0 0 0 0 0
0 0 0 0 0 0 0 0 0 0 0 0 0 0 0 0 0 0 0 0 0 0 0 0 0 0 0 0 0 0 0 0 0 0 0 0 0 0 0 0 0 0 0 0 0 0 0 0 0 0 0 0 0 0 0 0 0 0 0 0 0 0 0
0 0 0 0 0 0 0 0 0 0 0 0 0 0 0 0 0 0 0 0 0 0 0 0 0 0 0 0 0 0 0 0 0 0 0 0 0 0 0 0 0 0 0 0 0 0 0 0 0 0 0 0 0 0 0 0 0 0 0 0 0 0 0
0 0 0 0 0 0 0 0 0 0 0 0 0 0 0 0 0 0 0 0 0 0 0 0 0 0 0 0 0 0 0 0 0 0 0 0 0 0 0 0 0 0 0 0 0 0 0 0 0 0 0 0 0 0 0 0 0 0 0 0 0 0 0
0 0 0 0 0 0 0 0 0 0 0 0 0 0 0 0 0 0 0 0 0 0 0 0 0 0 0 0 0 0 0 0 0 0 0 0 0 0 0 0 0 0 0 0 0 0 0 0 0 0 0 0 0 0 0 0 0 0 0 0 0 0 0
0 0 0 0 0 0 0 0 0 0 0 0 0 0 0 0 0 0 0 0 0 0 0 0 0 0 0 0 0 0 0 0 0 0 0 0 0 0 0 0 0 0 0 0 0 0 0 0 0 0 0 0 0 0 0 0 0 0 0 0 0 0 0
0 0 0 0 0 0 0 0 0 0 0 0 0 0 0 0 0 0 0 0 0 0 0 0 0 0 0 0 0 0 0 0 0 0 0 0 0 0 0 0 0 0 0 0 0 0 0 0 0 0 0 0 0 0 0 0 0 0 0 0 0 0 0
0 0 0 0 0 0 0 0 0 0 0 0 0 0 0 0 0 0 0 0 0 0 0 0 0 0 0 0 0 0 0 0 0 0 0 0 0 0 0 0 0 0 0 0 0 0 0 0 0 0 0 0 0 0 0 0 0 0 0 0 0 0 0
0 0 0 0 0 0 0 0 0 0 0 0 0 0 0 0 0 0 0 0 0 0 0 0 0 0 0 0 0 0 0 0 0 0 0 0 0 0 0 0 0 0 0 0 0 0 0 0 0 0 0 0 0 0 0 0 0 0 0 0 0 0 0
0 0 0 0 0 0 0 0 0 0 0 0 0 0 0 0 0 0 0 0 0 0 0 0 0 0 0 0 0 0 0 0 0 0 0 0 0 0 0 0 0 0 0 0 0 0 0 0 0 0 0 0 0 0 0 0 0 0 0 0 0 0 0
0 0 0 0 0 0 0 0 0 0 0 0 0 0 0 0 0 0 0 0 0 0 0 0 0 0 0 0 0 0 0 0 0 0 0 0 0 0 0 0 0 0 0 0 0 0 0 0 0 0 0 0 0 0 0 0 0 0 0 0 0 0 0
0 0 0 0 0 0 0 0 0 0 0 0 0 0 0 0 0 0 0 0 0 0 0 0 0 0 0 0 0 0 0 0 0 0 0 0 0 0 0 0 0 0 0 0 0 0 0 0 0 0 0 0 0 0 0 0 0 0 0 0 0 0 0
0 0 0 0 0 0 0 0 0 0 0 0 0 0 0 0 0 0 0 0 0 0 0 0 0 0 0 0 0 0 0 0 0 0 0 0 0 0 0 0 0 0 0 0 0 0 0 0 0 0 0 0 0 0 0 0 0 0 0 0 0 0 0
0 0 0 0 0 0 0 0 0 0 0 0 0 0 0 0 0 0 0 0 0 0 0 0 0 0 0 0 0 0 0 0 0 0 0 0 0 0 0 0 0 0 0 0 0 0 0 0 0 0 0 0 0 0 0 0 0 0 0 0 0 0 0
0 0 0 0 0 0 0 0 0 0 0 0 0 0 0 0 0 0 0 0 0 0 0 0 0 0 0 0 0 0 0 0 0 0 0 0 0 0 0 0 0 0 0 0 0 0 0 0 0 0 0 0 0 0 0 0 0 0 0 0 0 0 0
0 0 0 0 0 0 0 0 0 0 0 0 0 0 0 0 0 0 0 0 0 0 0 0 0 0 0 0 0 0 0 0 0 0 0 0 0 0 0 0 0 0 0 0 0 0 0 0 0 0 0 0 0 0 0 0 0 0 0 0 0 0 0
0 0 0 0 0 0 0 0 0 0 0 0 0 0 0 0 0 0 0 0 0 0 0 0 0 0 0 0 0 0 0 0 0 0 0 0 0 0 0 0 0 0 0 0 0 0 0 0 0 0 0 0 0 0 0 0 0 0 0 0 0 0 0
0 0 0 0 0 0 0 0 0 0 0 0 0 0 0 0 0 0 0 0 0 0 0 0 0 0 0 0 0 0 0 0 0 0 0 0 0 0 0 0 0 0 0 0 0 0 0 0 0 0 0 0 0 0 0 0 0 0 0 0 0 0 0
0 0 0 0 0 0 0 0 0 0 0 0 0 0 0 0 0 0 0 0 0 0 0 0 0 0 0 0 0 0 0 0 0 0 0 0 0 0 0 0 0 0 0 0 0 0 0 0 0 0 0 0 0 0 0 0 0 0 0 0 0 0 0
0 0 0 0 0 0 0 0 0 0 0 0 0 0 0 0 0 0 0 0 0 0 0 0 0 0 0 0 0 0 0 0 0 0 0 0 0 0 0 0 0 0 0 0 0 0 0 0 0 0 0 0 0 0 0 0 0 0 0 0 0 0 0
0 0 0 0 0 0 0 0 0 0 0 0 0 0 0 0 0 0 0 0 0 0 0 0 0 0 0 0 0 0 0 0 0 0 0 0 0 0 0 0 0 0 0 0 0 0 0 0 0 0 0 0 0 0 0 0 0 0 0 0 0 0 0
0 0 0 0 0 0 0 0 0 0 0 0 0 0 0 0 0 0 0 0 0 0 0 0 0 0 0 0 0 0 0 0 0 0 0 0 0 0 0 0 0 0 0 0 0 0 0 0 0 0 0 0 0 0 0 0 0 0 0 0 0 0 0
0 0 0 0 0 0 0 0 0 0 0 0 0 0 0 0 0 0 0 0 0 0 0 0 0 0 0 0 0 0 0 0 0 0 0 0 0 0 0 0 0 0 0 0 0 0 0 0 0 0 0 0 0 0 0 0 0 0 0 0 0 0 0
0 0 0 0 0 0 0 0 0 0 0 0 0 0 0 0 0 0 0 0 0 0 0 0 0 0 0 0 0 0 0 0 0 0 0 0 0 0 0 0 0 0 0 0 0 0 0 0 0 0 0 0 0 0 0 0 0 0 0 0 0 0 0
0 0 0 0 0 0 0 0 0 0 0 0 0 0 0 0 0 0 0 0 0 0 0 0 0 0 0 0 0 0 0 0 0 0 0 0 0 0 0 0 0 0 0 0 0 0 0 0 0 0 0 0 0 0 0 0 0 0 0 0 0 0 0
0 0 0 0 0 0 0 0 0 0 0 0 0 0 0 0 0 0 0 0 0 0 0 0 0 0 0 0 0 0 0 0 0 0 0 0 0 0 0 0 0 0 0 0 0 0 0 0 0 0 0 0 0 0 0 0 0 0 0 0 0 0 0
0 0 0 0 0 0 0 0 0 0 0 0 0 0 0 0 0 0 0 0 0 0 0 0 0 0 0 0 0 0 0 0 0 0 0 0 0 0 0 0 0 0 0 0 0 0 0 0 0 0 0 0 0 0 0 0 0 0 0 0 0 0 0
0 0 0 0 0 0 0 0 0 0 0 0 0 0 0 0 0 0 0 0 0 0 0 0 0 0 0 0 0 0 0 0 0 0 0 0 0 0 0 0 0 0 0 0 0 0 0 0 0 0 0 0 0 0 0 0 0 0 0 0 0 0 0
0 0 0 0 0 0 0 0 0 0 0 0 0 0 0 0 0 0 0 0 0 0 0 0 0 0 0 0 0 0 0 0 0 0 0 0 0 0 0 0 0 0 0 0 0 0 0 0 0 0 0 0 0 0 0 0 0 0 0 0 0 0 0
0 0 0 0 0 0 0 0 0 0 0 0 0 0 0 0 0 0 0 0 0 0 0 0 0 0 0 0 0 0 0 0 0 0 0 0 0 0 0 0 0 0 0 0 0 0 0 0 0 0 0 0 0 0 0 0 0 0 0 0 0 0 0
0 0 0 0 0 0 0 0 0 0 0 0 0 0 0 0 0 0 0 0 0 0 0 0 0 0 0 0 0 0 0 0 0 0 0 0 0 0 0 0 0 0 0 0 0 0 0 0 0 0 0 0 0 0 0 0 0 0 0 0 0 0 0
0 0 0 0 0 0 0 0 0 0 0 0 0 0 0 0 0 0 0 0 0 0 0 0 0 0 0 0 0 0 0 0 0 0 0 0 0 0 0 0 0 0 0 0 0 0 0 0 0 0 0 0 0 0 0 0 0 0 0 0 0 0 0
0 0 0 0 0 0 0 0 0 0 0 0 0 0 0 0 0 0 0 0 0 0 0 0 0 0 0 0 0 0 0 0 0 0 0 0 0 0 0 0 0 0 0 0 0 0 0 0 0 0 0 0 0 0 0 0 0 0 0 0 0 0 0
0 0 0 0 0 0 0 0 0 0 0 0 0 0 0 0 0 0 0 0 0 0 0 0 0 0 0 0 0 0 0 0 0 0 0 0 0 0 0 0 0 0 0 0 0 0 0 0 0 0 0 0 0 0 0 0 0 0 0 0 0 0 0
0 0 0 0 0 0 0 0 0 0 0 0 0 0 0 0 0 0 0 0 0 0 0 0 0 0 0 0 0 0 0 0 0 0 0 0 0 0 0 0 0 0 0 0 0 0 0 0 0 0 0 0 0 0 0 0 0 0 0 0 0 0 0
0 0 0 0 0 0 0 0 0 0 0 0 0 0 0 0 0 0 0 0 0 0 0 0 0 0 0 0 0 0 0 0 0 0 0 0 0 0 0 0 0 0 0 0 0 0 0 0 0 0 0 0 0 0 0 0 0 0 0 0 0 0 0
0 0 0 0 0 0 0 0 0 0 0 0 0 0 0 0 0 0 0 0 0 0 0 0 0 0 0 0 0 0 0 0 0 0 0 0 0 0 0 0 0 0 0 0 0 0 0 0 0 0 0 0 0 0 0 0 0 0 0 0 0 0 0
0 0 0 0 0 0 0 0 0 0 0 0 0 0 0 0 0 0 0 0 0 0 0 0 0 0 0 0 0 0 0 0 0 0 0 0 0 0 0 0 0 0 0 0 0 0 0 0 0 0 0 0 0 0 0 0 0 0 0 0 0 0 0
0 0 0 0 0 0 0 0 0 0 0 0 0 0 0 0 0 0 0 0 0 0 0 0 0 0 0 0 0 0 0 0 0 0 0 0 0 0 0 0 0 0 0 0 0 0 0 0 0 0 0 0 0 0 0 0 0 0 0 0 0 0 0
0 0 0 0 0 0 0 0 0 0 0 0 0 0 0 0 0 0 0 0 0 0 0 0 0 0 0 0 0 0 0 0 0 0 0 0 0 0 0 0 0 0 0 0 0 0 0 0 0 0 0 0 0 0 0 0 0 0 0 0 0 0 0
0 0 0 0 0 0 0 0 0 0 0 0 0 0 0 0 0 0 0 0 0 0 0 0 0 0 0 0 0 0 0 0 0 0 0 0 0 0 0 0 0 0 0 0 0 0 0 0 0 0 0 0 0 0 0 0 0 0 0 0 0 0 0
1 1 2 1
1 3 2 3
1 4 2 4
1 5 1 6
1 5 2 5
1 6 1 7
1 6 2 6
1 7 1 8
1 8 1 9
1 9 1 10
1 10 2 10
1 11 1 12
1 13 2 13
1 14 1 15
1 15 2 15
1 17 1 18
1 17 2 17
1 18 1 19
1 19 2 19
1 20 1 21
1 20 2 20
1 21 2 21
1 22 2 22
1 23 1 24
1 24 1 25
1 24 2 24
1 25 2 25
1 27 1 28
1 27 2 27
1 28 2 28
1 30 2 30
1 31 2 31
1 32 1 33
1 33 1 34
1 33 2 33
1 34 1 35
1 34 2 34
1 35 1 36
1 39 2 39
1 40 1 41
1 40 2 40
1 41 1 42
1 42 1 43
1 44 1 45
1 45 1 46
1 45 2 45
1 46 1 47
1 47 1 48
1 47 2 47
1 50 2 50
1 51 2 51
1 52 2 52
1 53 1 54
1 55 2 55
1 56 1 57
1 57 1 58
1 57 2 57
1 58 2 58
1 59 1 60
1 60 1 61
1 60 2 60
1 62 1 63
1 63 2 63
2 1 2 2
2 2 2 3
2 3 2 4
2 5 3 5
2 7 2 8
2 7 3 7
2 8 2 9
2 9 3 9
2 10 2 11
2 10 3 10
2 11 2 12
2 15 3 15
2 18 2 19
2 18 3 18
2 19 2 20
2 19 3 19
2 20 2 21
2 23 3 23
2 24 2 25
2 24 3 24
2 25 2 26
2 25 3 25
2 26 2 27
2 26 3 26
2 27 2 28
2 27 3 27
2 29 3 29
2 31 3 31
2 32 2 33
2 32 3 32
2 33 3 33
2 34 2 35
2 36 3 36
2 37 2 38
2 37 3 37
2 38 2 39
2 38 3 38
2 40 2 41
2 41 2 42
2 41 3 41
2 42 3 42
2 43 3 43
2 45 2 46
2 45 3 45
2 46 3 46
2 47 2 48
2 50 2 51
2 50 3 50
2 51 2 52
2 52 2 53
2 52 3 52
2 53 2 54
2 53 3 53
2 54 2 55
2 55 2 56
2 59 2 60
2 59 3 59
2 60 2 61
2 60 3 60
2 61 2 62
2 62 3 62
2 63 3 63
3 1 3 2
3 2 4 2
3 3 4 3
3 4 3 5
3 4 4 4
3 6 4 6
3 7 4 7
3 8 4 8
3 9 3 10
3 10 3 11
3 10 4 10
3 11 4 11
3 13 3 14
3 13 4 13
3 15 4 15
3 16 4 16
3 17 3 18
3 17 4 17
3 19 4 19
3 20 4 20
3 22 3 23
3 24 3 25
3 25 3 26
3 25 4 25
3 28 3 29
3 29 4 29
3 30 3 31
3 30 4 30
3 31 3 32
3 32 4 32
3 33 3 34
3 34 3 35
3 35 3 36
3 35 4 35
3 36 3 37
3 36 4 36
3 38 4 38
3 39 3 40
3 39 4 39
3 40 4 40
3 41 3 42
3 42 4 42
3 43 3 44
3 44 3 45
3 45 4 45
3 46 3 47
3 46 4 46
3 47 3 48
3 47 4 47
3 48 3 49
3 50 3 51
3 50 4 50
3 52 4 52
3 53 3 54
3 53 4 53
3 54 3 55
3 55 3 56
3 56 3 57
3 57 3 58
3 58 3 59
3 59 3 60
3 59 4 59
3 60 3 61
3 61 3 62
3 61 4 61
3 62 3 63
4 1 4 2
4 3 4 4
4 4 5 4
4 8 4 9
4 9 4 10
4 9 5 9
4 10 5 10
4 11 4 12
4 11 5 11
4 12 4 13
4 12 5 12
4 13 4 14
4 14 5 14
4 16 4 17
4 17 4 18
4 17 5 17
4 19 4 20
4 20 5 20
4 22 4 23
4 23 4 24
4 24 4 25
4 24 5 24
4 25 4 26
4 26 4 27
4 28 5 28
4 29 5 29
4 30 4 31
4 30 5 30
4 31 4 32
4 32 4 33
4 33 4 34
4 33 5 33
4 35 5 35
4 36 4 37
4 37 5 37
4 39 4 40
4 41 4 42
4 42 4 43
4 42 5 42
4 43 4 44
4 46 5 46
4 47 5 47
4 49 5 49
4 50 5 50
4 51 5 51
4 52 4 53
4 52 5 52
4 53 4 54
4 55 5 55
4 58 4 59
4 60 4 61
4 62 4 63
5 1 5 2
5 1 6 1
5 2 6 2
5 4 5 5
5 4 6 4
5 5 6 5
5 6 6 6
5 8 6 8
5 9 5 10
5 9 6 9
5 10 5 11
5 11 5 12
5 12 5 13
5 15 6 15
5 16 5 17
5 16 6 16
5 18 6 18
5 19 6 19
5 20 6 20
5 22 6 22
5 23 5 24
5 24 6 24
5 26 6 26
5 28 6 28
5 29 6 29
5 30 5 31
5 33 5 34
5 34 6 34
5 37 5 38
5 38 5 39
5 39 5 40
5 39 6 39
5 40 6 40
5 42 5 43
5 42 6 42
5 43 5 44
5 44 6 44
5 45 5 46
5 46 5 47
5 46 6 46
5 47 6 47
5 51 5 52
5 52 5 53
5 52 6 52
5 54 5 55
5 55 5 56
5 55 6 55
5 56 5 57
5 56 6 56
5 58 5 59
5 59 5 60
5 59 6 59
5 60 5 61
5 61 6 61
5 62 6 62
5 63 6 63
6 1 6 2
6 2 6 3
6 2 7 2
6 3 6 4
6 4 6 5
6 5 6 6
6 5 7 5
6 6 7 6
6 7 6 8
6 7 7 7
6 8 7 8
6 9 7 9
6 10 7 10
6 11 6 12
6 12 6 13
6 12 7 12
6 13 6 14
6 13 7 13
6 14 6 15
6 14 7 14
6 15 7 15
6 16 6 17
6 16 7 16
6 17 7 17
6 19 7 19
6 21 6 22
6 22 6 23
6 23 7 23
6 24 6 25
6 24 7 24
6 25 6 26
6 26 7 26
6 27 7 27
6 28 7 28
6 29 6 30
6 29 7 29
6 31 6 32
6 31 7 31
6 34 6 35
6 34 7 34
6 35 6 36
6 35 7 35
6 36 6 37
6 36 7 36
6 37 7 37
6 38 6 39
6 38 7 38
6 39 6 40
6 39 7 39
6 40 7 40
6 41 6 42
6 44 6 45
6 45 7 45
6 47 7 47
6 48 6 49
6 48 7 48
6 52 6 53
6 53 6 54
6 54 7 54
6 55 6 56
6 56 7 56
6 57 6 58
6 57 7 57
6 58 7 58
6 61 7 61
7 1 7 2
7 2 7 3
7 2 8 2
7 4 8 4
7 5 7 6
7 5 8 5
7 6 7 7
7 6 8 6
7 7 7 8
7 7 8 7
7 8 7 9
7 9 8 9
7 10 8 10
7 13 7 14
7 16 7 17
7 16 8 16
7 17 7 18
7 17 8 17
7 18 7 19
7 19 8 19
7 21 7 22
7 23 8 23
7 24 8 24
7 25 8 25
7 26 7 27
7 27 7 28
7 28 7 29
7 29 8 29
7 30 7 31
7 31 7 32
7 32 7 33
7 32 8 32
7 33 7 34
7 33 8 33
7 34 7 35
7 34 8 34
7 35 7 36
7 35 8 35
7 36 7 37
7 37 8 37
7 40 7 41
7 40 8 40
7 41 7 42
7 41 8 41
7 43 7 44
7 43 8 43
7 44 7 45
7 44 8 44
7 45 7 46
7 45 8 45
7 46 8 46
7 47 7 48
7 48 8 48
7 49 8 49
7 50 7 51
7 51 7 52
7 52 8 52
7 53 7 54
7 54 8 54
7 55 7 56
7 56 8 56
7 57 7 58
7 58 7 59
7 58 8 58
7 59 8 59
7 60 7 61
7 60 8 60
7 61 7 62
7 61 8 61
8 2 8 3
8 3 8 4
8 4 8 5
8 5 9 5
8 6 8 7
8 7 8 8
8 9 9 9
8 13 8 14
8 14 8 15
8 15 8 16
8 15 9 15
8 16 8 17
8 16 9 16
8 17 9 17
8 18 9 18
8 21 8 22
8 21 9 21
8 22 8 23
8 23 9 23
8 24 9 24
8 26 9 26
8 27 8 28
8 27 9 27
8 30 8 31
8 32 8 33
8 32 9 32
8 33 9 33
8 34 8 35
8 34 9 34
8 35 9 35
8 36 9 36
8 37 9 37
8 39 8 40
8 40 8 41
8 41 8 42
8 41 9 41
8 42 8 43
8 43 9 43
8 45 8 46
8 46 8 47
8 46 9 46
8 49 8 50
8 49 9 49
8 50 8 51
8 50 9 50
8 51 8 52
8 51 9 51
8 52 8 53
8 52 9 52
8 53 8 54
8 53 9 53
8 54 8 55
8 55 8 56
8 56 9 56
8 57 9 57
8 58 8 59
8 59 9 59
8 60 8 61
8 60 9 60
8 61 8 62
8 61 9 61
8 62 9 62
9 1 9 2
9 1 10 1
9 2 9 3
9 3 10 3
9 4 10 4
9 7 9 8
9 8 9 9
9 9 10 9
9 10 9 11
9 10 10 10
9 11 9 12
9 11 10 11
9 12 10 12
9 13 10 13
9 14 10 14
9 16 10 16
9 17 9 18
9 18 9 19
9 19 9 20
9 19 10 19
9 20 9 21
9 21 9 22
9 23 9 24
9 25 9 26
9 26 9 27
9 26 10 26
9 27 10 27
9 28 9 29
9 29 9 30
9 30 9 31
9 32 9 33
9 32 10 32
9 33 9 34
9 34 9 35
9 35 9 36
9 37 9 38
9 37 10 37
9 38 9 39
9 38 10 38
9 39 9 40
9 39 10 39
9 41 9 42
9 41 10 41
9 42 9 43
9 43 9 44
9 44 9 45
9 44 10 44
9 45 9 46
9 48 10 48
9 49 9 50
9 49 10 49
9 50 10 50
9 51 10 51
9 53 9 54
9 54 10 54
9 59 9 60
9 59 10 59
9 60 9 61
9 60 10 60
9 61 9 62
9 61 10 61
9 62 9 63
9 62 10 62
10 1 10 2
10 1 11 1
10 3 10 4
10 4 10 5
10 5 10 6
10 5 11 5
10 6 10 7
10 6 11 6
10 7 10 8
10 8 10 9
10 9 10 10
10 9 11 9
10 10 11 10
10 12 10 13
10 12 11 12
10 13 10 14
10 13 11 13
10 14 10 15
10 14 11 14
10 16 11 16
10 17 10 18
10 17 11 17
10 18 10 19
10 22 10 23
10 22 11 22
10 23 11 23
10 25 11 25
10 26 10 27
10 26 11 26
10 27 10 28
10 27 11 27
10 28 10 29
10 28 11 28
10 29 10 30
10 29 11 29
10 30 11 30
10 32 10 33
10 32 11 32
10 33 11 33
10 34 10 35
10 36 10 37
10 36 11 36
10 38 11 38
10 39 11 39
10 41 11 41
10 42 11 42
10 44 10 45
10 45 10 46
10 46 10 47
10 46 11 46
10 47 10 48
10 48 10 49
10 48 11 48
10 49 10 50
10 49 11 49
10 50 11 50
10 51 10 52
10 52 11 52
10 53 11 53
10 55 10 56
10 56 10 57
10 57 10 58
10 58 11 58
10 59 11 59
10 60 10 61
10 62 10 63
10 63 11 63
11 1 12 1
11 3 12 3
11 4 11 5
11 4 12 4
11 5 12 5
11 6 11 7
11 6 12 6
11 7 11 8
11 9 11 10
11 11 11 12
11 11 12 11
11 12 11 13
11 12 12 12
11 13 11 14
11 13 12 13
11 14 11 15
11 14 12 14
11 16 12 16
11 17 12 17
11 18 11 19
11 18 12 18
11 19 11 20
11 20 12 20
11 21 12 21
11 22 11 23
11 23 11 24
11 23 12 23
11 25 12 25
11 26 11 27
11 27 11 28
11 27 12 27
11 28 11 29
11 29 11 30
11 30 11 31
11 31 11 32
11 32 11 33
11 32 12 32
11 33 12 33
11 34 11 35
11 35 12 35
11 36 12 36
11 37 12 37
11 38 12 38
11 39 11 40
11 40 11 41
11 41 11 42
11 41 12 41
11 42 11 43
11 43 11 44
11 43 12 43
11 44 11 45
11 45 11 46
11 46 11 47
11 46 12 46
11 47 11 48
11 48 11 49
11 48 12 48
11 49 12 49
11 50 11 51
11 50 12 50
11 51 11 52
11 52 12 52
11 54 12 54
11 55 12 55
11 56 11 57
11 56 12 56
11 57 11 58
11 57 12 57
11 58 11 59
11 59 11 60
11 60 12 60
11 61 11 62
11 63 12 63
12 2 12 3
12 4 12 5
12 5 12 6
12 5 13 5
12 6 13 6
12 7 13 7
12 8 12 9
12 8 13 8
12 9 13 9
12 10 12 11
12 11 13 11
12 12 12 13
12 12 13 12
12 13 12 14
12 13 13 13
12 14 12 15
12 14 13 14
12 15 12 16
12 18 12 19
12 18 13 18
12 19 12 20
12 19 13 19
12 20 13 20
12 21 12 22
12 22 12 23
12 22 13 22
12 23 13 23
12 28 12 29
12 29 12 30
12 29 13 29
12 31 13 31
12 32 12 33
12 32 13 32
12 33 12 34
12 34 13 34
12 35 12 36
12 36 12 37
12 38 12 39
12 39 13 39
12 40 13 40
12 41 12 42
12 42 12 43
12 43 12 44
12 44 12 45
12 46 12 47
12 46 13 46
12 49 13 49
12 50 13 50
12 53 13 53
12 54 12 55
12 55 12 56
12 55 13 55
12 56 12 57
12 57 12 58
12 58 12 59
12 58 13 58
12 60 13 60
12 61 12 62
12 61 13 61
12 62 13 62
13 1 14 1
13 2 13 3
13 4 14 4
13 6 14 6
13 7 14 7
13 8 14 8
13 9 13 10
13 11 14 11
13 14 14 14
13 15 14 15
13 17 14 17
13 18 13 19
13 20 13 21
13 21 13 22
13 21 14 21
13 23 13 24
13 24 13 25
13 25 14 25
13 26 13 27
13 27 14 27
13 28 13 29
13 30 14 30
13 31 14 31
13 33 13 34
13 33 14 33
13 35 14 35
13 36 14 36
13 38 13 39
13 39 13 40
13 40 13 41
13 41 13 42
13 41 14 41
13 43 13 44
13 43 14 43
13 44 14 44
13 45 14 45
13 46 14 46
13 47 13 48
13 49 13 50
13 50 14 50
13 51 13 52
13 52 13 53
13 53 13 54
13 54 13 55
13 54 14 54
13 55 13 56
13 57 13 58
13 57 14 57
13 58 14 58
13 60 13 61
13 62 13 63
13 62 14 62
13 63 14 63
14 1 14 2
14 3 14 4
14 5 15 5
14 7 14 8
14 9 14 10
14 9 15 9
14 11 15 11
14 12 14 13
14 13 14 14
14 14 15 14
14 15 14 16
14 16 14 17
14 17 14 18
14 18 15 18
14 20 14 21
14 20 15 20
14 23 15 23
14 24 14 25
14 25 15 25
14 26 15 26
14 27 14 28
14 27 15 27
14 28 14 29
14 29 15 29
14 30 15 30
14 32 14 33
14 32 15 32
14 35 14 36
14 35 15 35
14 38 14 39
14 38 15 38
14 39 14 40
14 40 14 41
14 40 15 40
14 41 14 42
14 41 15 41
14 42 14 43
14 42 15 42
14 43 15 43
14 44 15 44
14 45 14 46
14 46 15 46
14 47 15 47
14 48 14 49
14 49 14 50
14 50 14 51
14 50 15 50
14 51 15 51
14 52 14 53
14 52 15 52
14 54 14 55
14 55 14 56
14 55 15 55
14 56 14 57
14 58 15 58
14 60 15 60
14 62 14 63
14 63 15 63
15 2 15 3
15 2 16 2
15 3 16 3
15 4 15 5
15 6 15 7
15 6 16 6
15 8 15 9
15 8 16 8
15 9 15 10
15 9 16 9
15 10 16 10
15 11 16 11
15 13 15 14
15 16 16 16
15 17 16 17
15 18 15 19
15 20 16 20
15 22 16 22
15 23 15 24
15 23 16 23
15 24 15 25
15 24 16 24
15 26 15 27
15 26 16 26
15 28 15 29
15 31 15 32
15 31 16 31
15 32 15 33
15 32 16 32
15 33 16 33
15 34 16 34
15 35 15 36
15 36 15 37
15 37 16 37
15 38 15 39
15 39 16 39
15 40 16 40
15 41 15 42
15 41 16 41
15 42 15 43
15 42 16 42
15 43 15 44
15 44 15 45
15 44 16 44
15 46 15 47
15 47 16 47
15 48 15 49
15 50 15 51
15 51 15 52
15 51 16 51
15 52 15 53
15 53 16 53
15 54 16 54
15 59 15 60
15 59 16 59
15 62 16 62
16 1 17 1
16 2 16 3
16 2 17 2
16 3 16 4
16 3 17 3
16 4 16 5
16 5 17 5
16 6 16 7
16 6 17 6
16 7 17 7
16 8 16 9
16 8 17 8
16 9 16 10
16 10 17 10
16 11 16 12
16 11 17 11
16 12 17 12
16 13 16 14
16 13 17 13
16 14 16 15
16 14 17 14
16 16 16 17
16 16 17 16
16 17 17 17
16 18 16 19
16 18 17 18
16 20 16 21
16 20 17 20
16 21 17 21
16 22 16 23
16 22 17 22
16 23 16 24
16 23 17 23
16 24 16 25
16 24 17 24
16 25 16 26
16 26 16 27
16 27 16 28
16 27 17 27
16 28 17 28
16 29 16 30
16 30 17 30
16 32 16 33
16 34 16 35
16 35 17 35
16 36 17 36
16 37 16 38
16 38 16 39
16 38 17 38
16 39 17 39
16 40 16 41
16 40 17 40
16 42 17 42
16 43 17 43
16 44 16 45
16 44 17 44
16 47 16 48
16 47 17 47
16 49 17 49
16 50 17 50
16 51 16 52
16 53 17 53
16 54 17 54
16 55 17 55
16 56 17 56
16 57 17 57
16 58 17 58
16 59 16 60
16 60 16 61
16 60 17 60
16 61 16 62
16 61 17 61
16 62 16 63
16 62 17 62
16 63 17 63
17 3 18 3
17 4 17 5
17 6 18 6
17 7 17 8
17 7 18 7
17 8 18 8
17 9 17 10
17 9 18 9
17 11 17 12
17 12 17 13
17 12 18 12
17 13 17 14
17 13 18 13
17 14 17 15
17 14 18 14
17 15 17 16
17 16 18 16
17 18 17 19
17 19 17 20
17 19 18 19
17 20 17 21
17 22 17 23
17 23 17 24
17 23 18 23
17 24 17 25
17 24 18 24
17 25 17 26
17 25 18 25
17 26 18 26
17 27 18 27
17 29 17 30
17 29 18 29
17 30 17 31
17 31 18 31
17 32 17 33
17 33 17 34
17 33 18 33
17 34 17 35
17 34 18 34
17 35 18 35
17 36 17 37
17 38 17 39
17 39 17 40
17 40 17 41
17 40 18 40
17 41 17 42
17 43 17 44
17 44 18 44
17 45 17 46
17 45 18 45
17 46 17 47
17 48 17 49
17 48 18 48
17 49 17 50
17 49 18 49
17 51 17 52
17 52 17 53
17 52 18 52
17 53 17 54
17 53 18 53
17 56 18 56
17 57 18 57
17 59 17 60
17 59 18 59
17 60 17 61
17 60 18 60
17 61 18 61
17 62 17 63
17 62 18 62
17 63 18 63
18 1 19 1
18 3 19 3
18 4 19 4
18 5 18 6
18 5 19 5
18 6 18 7
18 6 19 6
18 8 19 8
18 10 18 11
18 10 19 10
18 11 19 11
18 12 18 13
18 13 18 14
18 14 19 14
18 15 19 15
18 16 18 17
18 17 18 18
18 17 19 17
18 18 18 19
18 20 18 21
18 21 18 22
18 22 19 22
18 25 18 26
18 26 18 27
18 26 19 26
18 29 18 30
18 29 19 29
18 30 18 31
18 30 19 30
18 31 18 32
18 31 19 31
18 32 18 33
18 32 19 32
18 33 18 34
18 34 18 35
18 34 19 34
18 36 18 37
18 37 18 38
18 39 19 39
18 41 18 42
18 41 19 41
18 42 18 43
18 43 18 44
18 43 19 43
18 45 19 45
18 46 19 46
18 48 18 49
18 50 18 51
18 50 19 50
18 51 19 51
18 52 18 53
18 53 19 53
18 55 18 56
18 56 18 57
18 56 19 56
18 57 18 58
18 59 18 60
18 61 18 62
18 62 18 63
18 62 19 62
18 63 19 63
19 1 20 1
19 2 19 3
19 3 19 4
19 3 20 3
19 5 20 5
19 7 19 8
19 8 20 8
19 10 20 10
19 11 19 12
19 11 20 11
19 12 20 12
19 13 19 14
19 14 19 15
19 14 20 14
19 15 20 15
19 16 19 17
19 17 20 17
19 18 19 19
19 18 20 18
19 19 19 20
19 19 20 19
19 20 19 21
19 21 19 22
19 21 20 21
19 22 19 23
19 24 19 25
19 24 20 24
19 25 19 26
19 25 20 25
19 26 19 27
19 26 20 26
19 28 19 29
19 28 20 28
19 29 20 29
19 31 19 32
19 31 20 31
19 32 20 32
19 33 20 33
19 34 19 35
19 35 19 36
19 36 20 36
19 38 20 38
19 39 19 40
19 41 19 42
19 41 20 41
19 43 19 44
19 46 19 47
19 47 19 48
19 48 19 49
19 48 20 48
19 50 19 51
19 50 20 50
19 52 19 53
19 52 20 52
19 53 20 53
19 54 19 55
19 54 20 54
19 56 20 56
19 57 20 57
19 60 19 61
19 61 19 62
19 62 19 63
19 63 20 63
20 1 21 1
20 2 20 3
20 3 20 4
20 6 20 7
20 7 20 8
20 7 21 7
20 9 20 10
20 9 21 9
20 10 20 11
20 10 21 10
20 12 20 13
20 12 21 12
20 13 21 13
20 15 20 16
20 16 20 17
20 16 21 16
20 17 20 18
20 19 21 19
20 20 20 21
20 20 21 20
20 21 20 22
20 21 21 21
20 22 20 23
20 24 20 25
20 26 21 26
20 27 21 27
20 28 20 29
20 28 21 28
20 29 20 30
20 30 20 31
20 30 21 30
20 31 20 32
20 31 21 31
20 34 20 35
20 34 21 34
20 36 20 37
20 38 20 39
20 38 21 38
20 39 20 40
20 40 20 41
20 40 21 40
20 41 21 41
20 42 21 42
20 43 20 44
20 44 21 44
20 47 20 48
20 49 21 49
20 50 20 51
20 50 21 50
20 51 20 52
20 51 21 51
20 52 21 52
20 53 20 54
20 53 21 53
20 55 20 56
20 58 21 58
20 59 20 60
20 60 21 60
20 61 20 62
20 61 21 61
20 62 21 62
21 1 21 2
21 2 21 3
21 2 22 2
21 3 22 3
21 4 21 5
21 4 22 4
21 5 21 6
21 5 22 5
21 6 22 6
21 9 21 10
21 9 22 9
21 12 21 13
21 14 21 15
21 15 21 16
21 18 21 19
21 18 22 18
21 19 22 19
21 20 21 21
21 21 21 22
21 21 22 21
21 22 21 23
21 22 22 22
21 24 22 24
21 25 21 26
21 25 22 25
21 26 21 27
21 26 22 26
21 27 21 28
21 28 22 28
21 29 21 30
21 30 21 31
21 31 22 31
21 32 21 33
21 32 22 32
21 33 21 34
21 33 22 33
21 34 21 35
21 35 21 36
21 35 22 35
21 36 21 37
21 36 22 36
21 37 22 37
21 38 22 38
21 41 21 42
21 41 22 41
21 42 21 43
21 43 21 44
21 44 22 44
21 47 21 48
21 47 22 47
21 50 21 51
21 50 22 50
21 51 21 52
21 51 22 51
21 52 22 52
21 53 21 54
21 54 21 55
21 55 22 55
21 56 21 57
21 57 21 58
21 57 22 57
21 58 21 59
21 59 21 60
21 59 22 59
21 60 21 61
21 60 22 60
21 61 21 62
21 62 21 63
22 1 22 2
22 1 23 1
22 2 22 3
22 2 23 2
22 3 23 3
22 5 23 5
22 7 22 8
22 8 22 9
22 10 23 10
22 11 22 12
22 12 22 13
22 12 23 12
22 13 23 13
22 15 22 16
22 15 23 15
22 16 22 17
22 17 23 17
22 18 23 18
22 20 22 21
22 20 23 20
22 22 23 22
22 23 22 24
22 24 22 25
22 24 23 24
22 25 22 26
22 25 23 25
22 26 22 27
22 26 23 26
22 27 22 28
22 28 22 29
22 30 23 30
22 31 23 31
22 32 22 33
22 32 23 32
22 33 22 34
22 33 23 33
22 34 22 35
22 34 23 34
22 35 22 36
22 35 23 35
22 36 22 37
22 36 23 36
22 37 22 38
22 37 23 37
22 38 22 39
22 38 23 38
22 39 22 40
22 39 23 39
22 40 23 40
22 41 23 41
22 43 23 43
22 44 22 45
22 44 23 44
22 45 22 46
22 46 22 47
22 51 23 51
22 52 22 53
22 52 23 52
22 53 22 54
22 54 22 55
22 55 23 55
22 56 22 57
22 57 23 57
22 58 22 59
22 58 23 58
22 59 22 60
22 60 22 61
22 63 23 63
23 1 23 2
23 3 23 4
23 3 24 3
23 5 23 6
23 7 24 7
23 8 23 9
23 8 24 8
23 10 23 11
23 10 24 10
23 12 23 13
23 13 24 13
23 17 23 18
23 19 24 19
23 20 23 21
23 22 23 23
23 24 23 25
23 26 23 27
23 27 24 27
23 28 24 28
23 29 23 30
23 31 23 32
23 32 23 33
23 32 24 32
23 33 24 33
23 35 23 36
23 35 24 35
23 38 24 38
23 39 24 39
23 40 24 40
23 41 23 42
23 41 24 41
23 42 23 43
23 43 23 44
23 43 24 43
23 44 24 44
23 45 23 46
23 46 23 47
23 46 24 46
23 47 23 48
23 47 24 47
23 48 23 49
23 48 24 48
23 49 23 50
23 51 23 52
23 51 24 51
23 52 24 52
23 53 23 54
23 54 23 55
23 56 23 57
23 56 24 56
23 57 23 58
23 58 23 59
23 59 24 59
23 60 23 61
23 62 24 62
23 63 24 63
24 1 24 2
24 4 24 5
24 5 24 6
24 5 25 5
24 6 25 6
24 7 24 8
24 8 24 9
24 8 25 8
24 9 24 10
24 11 25 11
24 12 24 13
24 13 24 14
24 13 25 13
24 14 24 15
24 16 25 16
24 17 24 18
24 17 25 17
24 19 24 20
24 19 25 19
24 20 24 21
24 21 25 21
24 22 24 23
24 23 24 24
24 23 25 23
24 24 24 25
24 25 24 26
24 26 24 27
24 27 24 28
24 27 25 27
24 28 24 29
24 28 25 28
24 29 25 29
24 30 24 31
24 30 25 30
24 31 24 32
24 32 24 33
24 32 25 32
24 33 24 34
24 33 25 33
24 35 24 36
24 35 25 35
24 36 25 36
24 37 24 38
24 37 25 37
24 38 25 38
24 40 24 41
24 41 25 41
24 43 24 44
24 44 24 45
24 44 25 44
24 45 25 45
24 46 24 47
24 47 25 47
24 49 25 49
24 50 24 51
24 51 24 52
24 51 25 51
24 55 24 56
24 55 25 55
24 56 24 57
24 56 25 56
24 58 25 58
24 59 24 60
24 59 25 59
24 60 25 60
24 62 25 62
24 63 25 63
25 1 25 2
25 3 26 3
25 5 25 6
25 5 26 5
25 6 26 6
25 7 25 8
25 7 26 7
25 8 25 9
25 8 26 8
25 9 25 10
25 9 26 9
25 12 26 12
25 15 25 16
25 18 25 19
25 18 26 18
25 21 26 21
25 22 26 22
25 23 25 24
25 23 26 23
25 24 26 24
25 25 25 26
25 27 26 27
25 31 26 31
25 32 25 33
25 32 26 32
25 33 25 34
25 33 26 33
25 34 25 35
25 35 25 36
25 37 25 38
25 37 26 37
25 38 26 38
25 39 25 40
25 39 26 39
25 40 25 41
25 40 26 40
25 41 26 41
25 43 25 44
25 46 26 46
25 47 25 48
25 48 25 49
25 48 26 48
25 49 25 50
25 49 26 49
25 50 25 51
25 51 25 52
25 51 26 51
25 52 25 53
25 54 25 55
25 55 26 55
25 56 26 56
25 57 26 57
25 59 26 59
25 61 25 62
25 62 25 63
25 62 26 62
26 1 26 2
26 1 27 1
26 2 26 3
26 2 27 2
26 3 27 3
26 4 27 4
26 5 26 6
26 7 26 8
26 7 27 7
26 8 26 9
26 9 27 9
26 10 26 11
26 10 27 10
26 11 27 11
26 12 26 13
26 13 27 13
26 14 26 15
26 14 27 14
26 15 27 15
26 16 27 16
26 18 26 19
26 19 27 19
26 20 27 20
26 21 26 22
26 22 27 22
26 23 26 24
26 23 27 23
26 24 26 25
26 24 27 24
26 25 26 26
26 25 27 25
26 27 26 28
26 31 27 31
26 32 26 33
26 32 27 32
26 34 27 34
26 35 26 36
26 35 27 35
26 37 26 38
26 38 26 39
26 38 27 38
26 40 26 41
26 41 26 42
26 41 27 41
26 43 26 44
26 43 27 43
26 44 26 45
26 44 27 44
26 45 27 45
26 47 26 48
26 47 27 47
26 49 27 49
26 51 27 51
26 52 26 53
26 52 27 52
26 53 26 54
26 53 27 53
26 54 26 55
26 57 27 57
26 58 26 59
26 58 27 58
26 59 26 60
26 60 26 61
26 62 27 62
26 63 27 63
27 1 28 1
27 2 27 3
27 3 28 3
27 5 28 5
27 6 27 7
27 7 27 8
27 7 28 7
27 10 27 11
27 11 28 11
27 12 28 12
27 14 28 14
27 15 27 16
27 16 28 16
27 17 27 18
27 17 28 17
27 18 28 18
27 19 28 19
27 20 27 21
27 21 27 22
27 22 27 23
27 23 27 24
27 24 28 24
27 25 28 25
27 26 27 27
27 27 27 28
27 28 28 28
27 29 28 29
27 30 27 31
27 30 28 30
27 31 27 32
27 31 28 31
27 33 27 34
27 34 27 35
27 35 28 35
27 39 27 40
27 39 28 39
27 41 27 42
27 41 28 41
27 42 27 43
27 44 27 45
27 44 28 44
27 45 27 46
27 46 27 47
27 47 27 48
27 48 27 49
27 48 28 48
27 50 28 50
27 51 27 52
27 52 27 53
27 55 27 56
27 55 28 55
27 56 27 57
27 57 28 57
27 59 28 59
27 61 28 61
27 62 27 63
27 62 28 62
28 1 28 2
28 1 29 1
28 2 29 2
28 3 28 4
28 3 29 3
28 4 28 5
28 5 28 6
28 6 28 7
28 6 29 6
28 8 29 8
28 9 29 9
28 10 28 11
28 10 29 10
28 11 28 12
28 12 28 13
28 13 28 14
28 15 28 16
28 15 29 15
28 16 29 16
28 18 28 19
28 18 29 18
28 19 28 20
28 20 28 21
28 20 29 20
28 23 28 24
28 23 29 23
28 24 28 25
28 24 29 24
28 25 28 26
28 25 29 25
28 26 28 27
28 26 29 26
28 29 28 30
28 30 29 30
28 31 29 31
28 32 29 32
28 33 29 33
28 35 28 36
28 36 28 37
28 37 29 37
28 38 29 38
28 39 29 39
28 40 28 41
28 42 28 43
28 42 29 42
28 43 28 44
28 45 29 45
28 46 29 46
28 47 28 48
28 48 28 49
28 49 29 49
28 50 28 51
28 51 28 52
28 54 28 55
28 54 29 54
28 55 28 56
28 56 29 56
28 57 29 57
28 59 28 60
28 60 29 60
28 61 29 61
28 62 29 62
29 1 29 2
29 3 29 4
29 3 30 3
29 4 30 4
29 5 30 5
29 6 30 6
29 8 29 9
29 8 30 8
29 9 29 10
29 11 29 12
29 11 30 11
29 12 30 12
29 13 30 13
29 14 29 15
29 16 29 17
29 17 30 17
29 18 29 19
29 18 30 18
29 20 30 20
29 23 29 24
29 24 29 25
29 25 30 25
29 27 29 28
29 29 30 29
29 30 29 31
29 30 30 30
29 31 30 31
29 32 29 33
29 34 29 35
29 35 29 36
29 36 30 36
29 37 29 38
29 37 30 37
29 38 29 39
29 38 30 38
29 39 30 39
29 40 30 40
29 42 29 43
29 42 30 42
29 43 30 43
29 44 30 44
29 45 29 46
29 46 29 47
29 46 30 46
29 49 29 50
29 49 30 49
29 51 30 51
29 53 29 54
29 53 30 53
29 54 29 55
29 54 30 54
29 55 29 56
29 55 30 55
29 57 29 58
29 58 30 58
29 62 29 63
29 62 30 62
30 1 31 1
30 2 30 3
30 2 31 2
30 3 30 4
30 3 31 3
30 4 31 4
30 5 30 6
30 6 30 7
30 6 31 6
30 7 30 8
30 7 31 7
30 8 30 9
30 11 30 12
30 13 30 14
30 14 30 15
30 14 31 14
30 15 31 15
30 16 31 16
30 17 31 17
30 18 30 19
30 18 31 18
30 19 31 19
30 21 30 22
30 21 31 21
30 23 31 23
30 24 31 24
30 26 31 26
30 28 30 29
30 30 30 31
30 30 31 30
30 31 30 32
30 33 30 34
30 34 30 35
30 35 30 36
30 37 31 37
30 38 30 39
30 38 31 38
30 39 31 39
30 40 30 41
30 41 30 42
30 42 31 42
30 43 30 44
30 44 30 45
30 44 31 44
30 45 31 45
30 46 30 47
30 47 30 48
30 47 31 47
30 49 30 50
30 49 31 49
30 50 31 50
30 51 30 52
30 51 31 51
30 52 30 53
30 53 30 54
30 54 30 55
30 55 30 56
30 55 31 55
30 56 30 57
30 57 30 58
30 58 30 59
30 58 31 58
30 59 30 60
30 61 30 62
30 62 30 63
31 1 32 1
31 2 31 3
31 2 32 2
31 4 32 4
31 5 32 5
31 6 31 7
31 6 32 6
31 7 31 8
31 7 32 7
31 8 31 9
31 8 32 8
31 9 31 10
31 10 31 11
31 10 32 10
31 11 31 12
31 12 31 13
31 12 32 12
31 14 31 15
31 16 31 17
31 16 32 16
31 17 31 18
31 18 31 19
31 19 32 19
31 20 31 21
31 23 32 23
31 24 32 24
31 25 32 25
31 26 31 27
31 27 31 28
31 27 32 27
31 29 32 29
31 30 32 30
31 31 31 32
31 31 32 31
31 32 32 32
31 33 31 34
31 33 32 33
31 34 32 34
31 35 32 35
31 36 32 36
31 37 31 38
31 37 32 37
31 38 31 39
31 40 31 41
31 40 32 40
31 41 32 41
31 43 31 44
31 46 32 46
31 47 31 48
31 47 32 47
31 48 31 49
31 50 32 50
31 51 31 52
31 51 32 51
31 52 32 52
31 53 31 54
31 53 32 53
31 54 32 54
31 56 31 57
31 56 32 56
31 57 32 57
31 58 32 58
31 59 31 60
31 60 31 61
31 61 32 61
31 62 31 63
31 62 32 62
32 5 32 6
32 6 32 7
32 6 33 6
32 7 32 8
32 9 32 10
32 10 32 11
32 12 32 13
32 13 32 14
32 13 33 13
32 16 32 17
32 17 32 18
32 17 33 17
32 18 33 18
32 19 32 20
32 20 32 21
32 21 32 22
32 22 32 23
32 22 33 22
32 23 33 23
32 25 32 26
32 25 33 25
32 26 32 27
32 26 33 26
32 27 32 28
32 29 32 30
32 30 32 31
32 31 33 31
32 32 33 32
32 34 32 35
32 34 33 34
32 36 33 36
32 37 33 37
32 38 32 39
32 39 33 39
32 40 32 41
32 40 33 40
32 42 33 42
32 43 32 44
32 44 32 45
32 45 32 46
32 46 32 47
32 47 33 47
32 48 32 49
32 49 33 49
32 53 32 54
32 54 33 54
32 55 32 56
32 56 32 57
32 56 33 56
32 57 33 57
32 58 33 58
32 60 33 60
32 62 33 62
33 1 33 2
33 2 33 3
33 4 33 5
33 4 34 4
33 5 34 5
33 6 33 7
33 6 34 6
33 7 34 7
33 8 34 8
33 9 34 9
33 10 33 11
33 11 33 12
33 13 33 14
33 13 34 13
33 15 33 16
33 15 34 15
33 17 33 18
33 19 33 20
33 19 34 19
33 20 33 21
33 21 33 22
33 22 33 23
33 22 34 22
33 25 33 26
33 25 34 25
33 26 34 26
33 27 33 28
33 28 34 28
33 29 33 30
33 30 34 30
33 31 33 32
33 31 34 31
33 32 33 33
33 32 34 32
33 33 33 34
33 33 34 33
33 34 33 35
33 34 34 34
33 35 33 36
33 35 34 35
33 36 33 37
33 36 34 36
33 37 33 38
33 38 33 39
33 39 33 40
33 39 34 39
33 41 33 42
33 42 33 43
33 45 33 46
33 45 34 45
33 46 33 47
33 47 34 47
33 48 33 49
33 49 33 50
33 49 34 49
33 50 33 51
33 51 33 52
33 51 34 51
33 52 34 52
33 53 33 54
33 54 34 54
33 55 34 55
33 56 34 56
33 57 34 57
33 58 33 59
33 59 33 60
33 59 34 59
33 60 34 60
33 61 34 61
33 63 34 63
34 1 34 2
34 2 34 3
34 2 35 2
34 3 34 4
34 5 34 6
34 6 34 7
34 6 35 6
34 8 35 8
34 9 35 9
34 10 35 10
34 11 34 12
34 11 35 11
34 12 34 13
34 12 35 12
34 14 34 15
34 14 35 14
34 15 34 16
34 15 35 15
34 16 34 17
34 17 34 18
34 17 35 17
34 18 34 19
34 18 35 18
34 19 34 20
34 19 35 19
34 20 34 21
34 21 34 22
34 22 35 22
34 23 34 24
34 23 35 23
34 24 34 25
34 24 35 24
34 25 35 25
34 26 35 26
34 29 35 29
34 30 35 30
34 31 35 31
34 32 35 32
34 33 35 33
34 34 34 35
34 34 35 34
34 36 34 37
34 37 35 37
34 38 35 38
34 39 34 40
34 39 35 39
34 40 34 41
34 41 35 41
34 42 34 43
34 43 35 43
34 44 34 45
34 44 35 44
34 45 34 46
34 45 35 45
34 47 34 48
34 48 34 49
34 49 34 50
34 49 35 49
34 50 34 51
34 52 35 52
34 53 34 54
34 54 35 54
34 55 35 55
34 57 34 58
34 58 34 59
34 58 35 58
34 60 35 60
34 61 35 61
34 62 35 62
35 1 35 2
35 2 35 3
35 3 35 4
35 4 35 5
35 5 35 6
35 5 36 5
35 6 35 7
35 7 36 7
35 9 36 9
35 12 35 13
35 13 36 13
35 15 35 16
35 15 36 15
35 16 36 16
35 17 35 18
35 17 36 17
35 19 35 20
35 19 36 19
35 20 35 21
35 20 36 20
35 21 36 21
35 23 35 24
35 23 36 23
35 24 35 25
35 24 36 24
35 25 36 25
35 26 35 27
35 30 35 31
35 31 35 32
35 32 35 33
35 33 36 33
35 34 35 35
35 34 36 34
35 35 35 36
35 35 36 35
35 36 35 37
35 36 36 36
35 38 35 39
35 38 36 38
35 40 36 40
35 41 35 42
35 42 35 43
35 43 35 44
35 43 36 43
35 44 35 45
35 45 36 45
35 46 36 46
35 48 35 49
35 49 36 49
35 50 36 50
35 51 35 52
35 52 36 52
35 53 35 54
35 54 35 55
35 55 35 56
35 56 35 57
35 57 36 57
35 58 35 59
35 58 36 58
35 59 35 60
35 60 35 61
35 60 36 60
35 61 36 61
35 62 36 62
35 63 36 63
36 1 36 2
36 1 37 1
36 2 36 3
36 3 36 4
36 3 37 3
36 6 36 7
36 6 37 6
36 7 37 7
36 9 37 9
36 10 36 11
36 10 37 10
36 11 36 12
36 12 36 13
36 12 37 12
36 13 36 14
36 13 37 13
36 14 36 15
36 15 36 16
36 15 37 15
36 16 37 16
36 18 37 18
36 19 37 19
36 20 36 21
36 21 37 21
36 23 37 23
36 25 36 26
36 26 37 26
36 28 36 29
36 28 37 28
36 30 37 30
36 31 37 31
36 32 36 33
36 33 36 34
36 33 37 33
36 34 36 35
36 34 37 34
36 36 36 37
36 38 36 39
36 40 36 41
36 40 37 40
36 41 37 41
36 42 36 43
36 42 37 42
36 44 36 45
36 45 36 46
36 47 36 48
36 47 37 47
36 48 37 48
36 50 36 51
36 51 36 52
36 52 37 52
36 53 36 54
36 54 37 54
36 55 37 55
36 56 36 57
36 57 36 58
36 58 37 58
36 59 36 60
36 59 37 59
36 60 36 61
36 60 37 60
36 61 37 61
36 63 37 63
37 1 37 2
37 1 38 1
37 2 37 3
37 2 38 2
37 4 37 5
37 4 38 4
37 5 37 6
37 5 38 5
37 6 37 7
37 6 38 6
37 7 37 8
37 9 37 10
37 9 38 9
37 10 38 10
37 11 37 12
37 12 38 12
37 14 37 15
37 16 37 17
37 18 38 18
37 19 37 20
37 21 38 21
37 22 38 22
37 23 37 24
37 23 38 23
37 24 37 25
37 26 37 27
37 27 37 28
37 27 38 27
37 28 37 29
37 29 37 30
37 29 38 29
37 30 37 31
37 30 38 30
37 32 37 33
37 32 38 32
37 34 38 34
37 35 37 36
37 35 38 35
37 36 37 37
37 37 38 37
37 38 37 39
37 39 37 40
37 40 38 40
37 41 38 41
37 43 38 43
37 44 37 45
37 44 38 44
37 45 37 46
37 46 38 46
37 47 38 47
37 48 38 48
37 49 38 49
37 50 37 51
37 51 37 52
37 52 37 53
37 53 37 54
37 53 38 53
37 54 38 54
37 55 38 55
37 56 37 57
37 57 38 57
37 59 37 60
37 59 38 59
37 60 37 61
37 61 38 61
38 1 38 2
38 1 39 1
38 2 38 3
38 3 38 4
38 4 38 5
38 5 39 5
38 8 38 9
38 8 39 8
38 12 38 13
38 14 38 15
38 14 39 14
38 15 39 15
38 17 38 18
38 18 38 19
38 19 39 19
38 20 39 20
38 21 39 21
38 22 38 23
38 22 39 22
38 23 38 24
38 23 39 23
38 24 38 25
38 24 39 24
38 25 39 25
38 26 38 27
38 26 39 26
38 27 38 28
38 29 38 30
38 30 39 30
38 31 38 32
38 31 39 31
38 33 39 33
38 34 38 35
38 35 39 35
38 36 38 37
38 38 38 39
38 39 38 40
38 39 39 39
38 40 38 41
38 40 39 40
38 41 39 41
38 43 38 44
38 44 38 45
38 45 38 46
38 45 39 45
38 48 38 49
38 49 39 49
38 52 38 53
38 53 38 54
38 53 39 53
38 54 38 55
38 54 39 54
38 55 38 56
38 55 39 55
38 56 38 57
38 56 39 56
38 57 39 57
38 58 38 59
38 59 38 60
38 59 39 59
38 60 39 60
38 61 38 62
39 2 39 3
39 2 40 2
39 3 40 3
39 4 40 4
39 5 39 6
39 6 40 6
39 7 40 7
39 8 39 9
39 8 40 8
39 9 40 9
39 10 39 11
39 10 40 10
39 11 39 12
39 11 40 11
39 12 40 12
39 13 39 14
39 14 40 14
39 16 39 17
39 17 39 18
39 17 40 17
39 19 40 19
39 20 39 21
39 20 40 20
39 21 39 22
39 23 40 23
39 26 39 27
39 26 40 26
39 27 39 28
39 27 40 27
39 28 40 28
39 29 39 30
39 29 40 29
39 31 39 32
39 31 40 31
39 32 39 33
39 32 40 32
39 34 39 35
39 38 39 39
39 39 39 40
39 40 39 41
39 41 40 41
39 42 39 43
39 42 40 42
39 45 39 46
39 46 39 47
39 46 40 46
39 47 39 48
39 48 39 49
39 48 40 48
39 49 39 50
39 51 39 52
39 51 40 51
39 52 39 53
39 53 39 54
39 54 39 55
39 55 39 56
39 55 40 55
39 57 40 57
39 58 40 58
39 59 40 59
39 60 39 61
39 60 40 60
39 61 39 62
39 62 39 63
40 1 41 1
40 2 40 3
40 2 41 2
40 3 40 4
40 4 40 5
40 4 41 4
40 6 40 7
40 7 40 8
40 7 41 7
40 9 40 10
40 9 41 9
40 11 41 11
40 12 40 13
40 13 41 13
40 14 40 15
40 14 41 14
40 15 41 15
40 16 40 17
40 17 40 18
40 17 41 17
40 18 40 19
40 19 40 20
40 19 41 19
40 21 40 22
40 21 41 21
40 22 41 22
40 23 40 24
40 24 40 25
40 24 41 24
40 26 41 26
40 27 41 27
40 28 40 29
40 30 41 30
40 31 40 32
40 32 41 32
40 34 40 35
40 34 41 34
40 35 40 36
40 35 41 35
40 36 41 36
40 39 41 39
40 40 40 41
40 41 40 42
40 42 40 43
40 42 41 42
40 43 41 43
40 44 40 45
40 46 40 47
40 46 41 46
40 48 41 48
40 49 40 50
40 51 40 52
40 51 41 51
40 52 40 53
40 52 41 52
40 55 40 56
40 55 41 55
40 56 40 57
40 56 41 56
40 57 40 58
40 57 41 57
40 60 40 61
40 60 41 60
40 61 40 62
40 61 41 61
40 62 41 62
41 1 42 1
41 4 41 5
41 5 42 5
41 6 41 7
41 6 42 6
41 8 41 9
41 8 42 8
41 12 42 12
41 13 42 13
41 14 41 15
41 14 42 14
41 15 41 16
41 15 42 15
41 17 42 17
41 18 41 19
41 19 41 20
41 19 42 19
41 20 41 21
41 20 42 20
41 23 42 23
41 25 41 26
41 25 42 25
41 26 42 26
41 28 41 29
41 29 42 29
41 31 41 32
41 32 42 32
41 33 42 33
41 35 41 36
41 36 41 37
41 37 41 38
41 38 41 39
41 39 41 40
41 42 41 43
41 43 41 44
41 43 42 43
41 46 41 47
41 47 41 48
41 47 42 47
41 48 42 48
41 49 41 50
41 51 42 51
41 53 42 53
41 54 41 55
41 55 41 56
41 56 42 56
41 57 41 58
41 58 42 58
41 59 42 59
41 60 42 60
41 63 42 63
42 1 42 2
42 2 42 3
42 2 43 2
42 4 42 5
42 4 43 4
42 5 43 5
42 7 42 8
42 7 43 7
42 10 42 11
42 10 43 10
42 14 43 14
42 16 43 16
42 17 43 17
42 18 42 19
42 19 42 20
42 20 42 21
42 20 43 20
42 21 42 22
42 21 43 21
42 22 43 22
42 24 42 25
42 25 42 26
42 25 43 25
42 26 42 27
42 27 42 28
42 28 42 29
42 28 43 28
42 29 42 30
42 29 43 29
42 30 43 30
42 31 42 32
42 31 43 31
42 32 42 33
42 32 43 32
42 33 43 33
42 34 43 34
42 35 42 36
42 35 43 35
42 37 42 38
42 38 42 39
42 38 43 38
42 41 42 42
42 44 43 44
42 45 42 46
42 46 42 47
42 47 43 47
42 49 43 49
42 50 43 50
42 51 42 52
42 51 43 51
42 52 42 53
42 52 43 52
42 53 42 54
42 53 43 53
42 54 42 55
42 54 43 54
42 55 42 56
42 57 42 58
42 57 43 57
42 59 43 59
42 60 43 60
42 62 43 62
43 1 43 2
43 3 43 4
43 3 44 3
43 4 43 5
43 5 44 5
43 6 43 7
43 7 43 8
43 8 44 8
43 10 44 10
43 11 44 11
43 12 44 12
43 13 44 13
43 14 43 15
43 15 43 16
43 15 44 15
43 16 44 16
43 17 43 18
43 17 44 17
43 18 44 18
43 19 43 20
43 19 44 19
43 20 44 20
43 22 43 23
43 23 43 24
43 23 44 23
43 24 43 25
43 24 44 24
43 25 43 26
43 25 44 25
43 26 43 27
43 28 43 29
43 29 44 29
43 31 44 31
43 32 44 32
43 33 43 34
43 35 44 35
43 37 43 38
43 37 44 37
43 38 44 38
43 40 44 40
43 41 44 41
43 42 43 43
43 43 44 43
43 44 43 45
43 45 43 46
43 46 43 47
43 47 43 48
43 48 44 48
43 50 43 51
43 50 44 50
43 51 44 51
43 52 43 53
43 52 44 52
43 53 44 53
43 56 44 56
43 57 43 58
43 59 44 59
43 61 43 62
43 62 43 63
43 62 44 62
43 63 44 63
44 1 45 1
44 4 44 5
44 5 44 6
44 5 45 5
44 8 45 8
44 10 44 11
44 11 44 12
44 11 45 11
44 12 45 12
44 13 44 14
44 14 44 15
44 14 45 14
44 15 44 16
44 15 45 15
44 17 44 18
44 18 45 18
44 19 44 20
44 19 45 19
44 20 44 21
44 21 44 22
44 23 44 24
44 23 45 23
44 25 44 26
44 26 45 26
44 27 44 28
44 27 45 27
44 28 44 29
44 28 45 28
44 32 45 32
44 33 45 33
44 35 44 36
44 36 44 37
44 36 45 36
44 37 44 38
44 40 44 41
44 40 45 40
44 42 44 43
44 42 45 42
44 43 44 44
44 45 44 46
44 47 44 48
44 48 44 49
44 49 44 50
44 50 45 50
44 53 45 53
44 54 44 55
44 54 45 54
44 55 44 56
44 57 44 58
44 57 45 57
44 58 45 58
44 59 44 60
44 59 45 59
44 62 44 63
45 1 45 2
45 2 45 3
45 3 46 3
45 4 46 4
45 8 45 9
45 8 46 8
45 9 45 10
45 9 46 9
45 10 45 11
45 10 46 10
45 12 45 13
45 14 45 15
45 17 45 18
45 17 46 17
45 18 45 19
45 18 46 18
45 19 45 20
45 19 46 19
45 20 45 21
45 23 45 24
45 23 46 23
45 24 45 25
45 25 46 25
45 26 45 27
45 26 46 26
45 27 45 28
45 27 46 27
45 28 45 29
45 29 45 30
45 29 46 29
45 30 46 30
45 31 45 32
45 32 46 32
45 34 45 35
45 35 46 35
45 36 46 36
45 37 46 37
45 38 45 39
45 38 46 38
45 39 46 39
45 40 45 41
45 41 46 41
45 42 45 43
45 42 46 42
45 43 45 44
45 46 46 46
45 47 46 47
45 48 45 49
45 49 45 50
45 50 45 51
45 52 45 53
45 52 46 52
45 53 45 54
45 54 45 55
45 54 46 54
45 55 45 56
45 56 45 57
45 57 45 58
45 57 46 57
45 60 45 61
45 60 46 60
45 63 46 63
46 1 46 2
46 1 47 1
46 2 46 3
46 3 46 4
46 3 47 3
46 4 46 5
46 6 46 7
46 6 47 6
46 7 47 7
46 8 46 9
46 8 47 8
46 9 47 9
46 10 46 11
46 10 47 10
46 11 46 12
46 11 47 11
46 13 47 13
46 14 46 15
46 14 47 14
46 15 46 16
46 15 47 15
46 17 47 17
46 18 47 18
46 21 47 21
46 22 46 23
46 22 47 22
46 23 46 24
46 23 47 23
46 26 46 27
46 26 47 26
46 27 46 28
46 29 46 30
46 30 46 31
46 31 46 32
46 33 47 33
46 34 46 35
46 36 47 36
46 38 46 39
46 38 47 38
46 39 47 39
46 40 47 40
46 41 47 41
46 42 47 42
46 43 47 43
46 44 46 45
46 45 47 45
46 46 46 47
46 46 47 46
46 48 47 48
46 50 46 51
46 50 47 50
46 51 46 52
46 52 46 53
46 53 46 54
46 53 47 53
46 54 46 55
46 54 47 54
46 55 46 56
46 56 46 57
46 56 47 56
46 58 46 59
46 59 47 59
46 60 47 60
46 61 46 62
46 61 47 61
46 62 46 63
47 1 47 2
47 1 48 1
47 2 47 3
47 3 47 4
47 3 48 3
47 4 47 5
47 5 47 6
47 6 47 7
47 7 48 7
47 8 47 9
47 8 48 8
47 9 47 10
47 9 48 9
47 11 47 12
47 11 48 11
47 12 47 13
47 12 48 12
47 13 47 14
47 13 48 13
47 14 47 15
47 15 48 15
47 18 47 19
47 19 47 20
47 19 48 19
47 20 47 21
47 20 48 20
47 21 47 22
47 21 48 21
47 22 47 23
47 23 48 23
47 24 48 24
47 25 48 25
47 26 47 27
47 26 48 26
47 27 48 27
47 29 47 30
47 31 48 31
47 32 48 32
47 34 47 35
47 34 48 34
47 35 47 36
47 36 47 37
47 37 48 37
47 38 48 38
47 39 47 40
47 40 48 40
47 42 47 43
47 44 48 44
47 45 47 46
47 46 47 47
47 48 47 49
47 51 47 52
47 52 47 53
47 52 48 52
47 54 47 55
47 55 47 56
47 55 48 55
47 56 47 57
47 56 48 56
47 58 47 59
47 59 48 59
47 60 48 60
47 61 47 62
47 61 48 61
47 62 47 63
47 62 48 62
48 1 49 1
48 4 48 5
48 5 48 6
48 6 49 6
48 7 49 7
48 8 49 8
48 9 49 9
48 10 48 11
48 10 49 10
48 11 49 11
48 12 48 13
48 13 48 14
48 14 48 15
48 14 49 14
48 15 48 16
48 16 49 16
48 17 49 17
48 19 49 19
48 20 49 20
48 21 48 22
48 21 49 21
48 24 48 25
48 26 48 27
48 27 48 28
48 27 49 27
48 28 49 28
48 29 48 30
48 30 49 30
48 32 49 32
48 34 48 35
48 34 49 34
48 35 49 35
48 38 48 39
48 39 48 40
48 40 49 40
48 41 48 42
48 43 48 44
48 44 49 44
48 45 49 45
48 46 48 47
48 46 49 46
48 48 49 48
48 49 48 50
48 49 49 49
48 50 48 51
48 51 48 52
48 52 49 52
48 53 49 53
48 54 49 54
48 55 49 55
48 56 48 57
48 56 49 56
48 59 48 60
48 59 49 59
48 60 49 60
48 61 49 61
48 63 49 63
49 1 49 2
49 1 50 1
49 2 49 3
49 4 50 4
49 5 50 5
49 7 49 8
49 8 49 9
49 8 50 8
49 9 50 9
49 10 50 10
49 11 49 12
49 13 50 13
49 14 49 15
49 14 50 14
49 17 49 18
49 18 49 19
49 19 49 20
49 19 50 19
49 20 50 20
49 21 50 21
49 23 49 24
49 24 49 25
49 24 50 24
49 26 50 26
49 27 50 27
49 28 49 29
49 28 50 28
49 29 49 30
49 29 50 29
49 30 49 31
49 30 50 30
49 31 50 31
49 34 49 35
49 34 50 34
49 35 50 35
49 36 49 37
49 36 50 36
49 37 49 38
49 37 50 37
49 39 49 40
49 39 50 39
49 40 49 41
49 41 49 42
49 43 50 43
49 44 49 45
49 44 50 44
49 47 49 48
49 47 50 47
49 48 50 48
49 49 50 49
49 50 50 50
49 51 50 51
49 53 49 54
49 53 50 53
49 56 49 57
49 57 49 58
49 57 50 57
49 58 50 58
49 59 50 59
49 60 49 61
49 61 50 61
50 2 50 3
50 3 50 4
50 3 51 3
50 4 51 4
50 5 50 6
50 5 51 5
50 6 51 6
50 7 50 8
50 8 51 8
50 9 50 10
50 10 50 11
50 11 51 11
50 12 50 13
50 14 51 14
50 15 51 15
50 16 50 17
50 16 51 16
50 18 50 19
50 18 51 18
50 19 50 20
50 19 51 19
50 20 50 21
50 21 50 22
50 24 50 25
50 25 51 25
50 27 51 27
50 29 51 29
50 31 50 32
50 31 51 31
50 32 50 33
50 33 51 33
50 36 50 37
50 37 50 38
50 37 51 37
50 39 50 40
50 40 50 41
50 41 50 42
50 41 51 41
50 43 50 44
50 44 50 45
50 44 51 44
50 45 51 45
50 47 50 48
50 49 50 50
50 49 51 49
50 50 50 51
50 51 50 52
50 52 51 52
50 53 50 54
50 54 50 55
50 54 51 54
50 55 50 56
50 57 50 58
50 57 51 57
50 58 51 58
50 59 50 60
50 59 51 59
50 60 50 61
50 61 50 62
50 61 51 61
50 62 50 63
51 1 51 2
51 2 51 3
51 3 51 4
51 3 52 3
51 4 52 4
51 6 51 7
51 7 52 7
51 8 51 9
51 9 52 9
51 13 52 13
51 14 51 15
51 14 52 14
51 20 51 21
51 21 52 21
51 22 51 23
51 22 52 22
51 25 52 25
51 26 51 27
51 27 52 27
51 28 52 28
51 31 51 32
51 32 51 33
51 32 52 32
51 33 51 34
51 34 51 35
51 34 52 34
51 35 51 36
51 37 51 38
51 39 51 40
51 42 52 42
51 43 51 44
51 44 52 44
51 45 52 45
51 47 51 48
51 47 52 47
51 51 51 52
51 51 52 51
51 52 51 53
51 52 52 52
51 53 52 53
51 56 51 57
51 57 51 58
51 57 52 57
51 58 52 58
51 59 51 60
51 60 51 61
51 61 51 62
51 61 52 61
52 1 53 1
52 2 53 2
52 3 52 4
52 4 53 4
52 5 52 6
52 5 53 5
52 6 52 7
52 7 53 7
52 8 52 9
52 9 52 10
52 12 53 12
52 13 52 14
52 14 52 15
52 15 53 15
52 18 53 18
52 19 52 20
52 19 53 19
52 21 52 22
52 21 53 21
52 22 53 22
52 23 52 24
52 23 53 23
52 25 52 26
52 26 53 26
52 28 53 28
52 29 52 30
52 30 52 31
52 30 53 30
52 31 53 31
52 34 52 35
52 36 52 37
52 37 53 37
52 39 52 40
52 40 52 41
52 41 52 42
52 42 53 42
52 46 53 46
52 47 52 48
52 47 53 47
52 49 52 50
52 49 53 49
52 53 52 54
52 53 53 53
52 54 52 55
52 54 53 54
52 55 53 55
52 56 53 56
52 57 52 58
52 58 53 58
52 59 53 59
52 60 52 61
52 60 53 60
52 62 52 63
52 62 53 62
52 63 53 63
53 2 53 3
53 2 54 2
53 3 53 4
53 3 54 3
53 4 54 4
53 5 54 5
53 6 53 7
53 7 53 8
53 8 53 9
53 8 54 8
53 9 54 9
53 10 54 10
53 12 53 13
53 12 54 12
53 13 54 13
53 15 53 16
53 15 54 15
53 16 53 17
53 17 53 18
53 18 53 19
53 19 54 19
53 20 54 20
53 21 53 22
53 22 54 22
53 23 53 24
53 23 54 23
53 24 54 24
53 25 53 26
53 27 53 28
53 28 54 28
53 29 53 30
53 29 54 29
53 30 53 31
53 30 54 30
53 31 53 32
53 31 54 31
53 32 54 32
53 33 53 34
53 34 53 35
53 34 54 34
53 35 54 35
53 36 53 37
53 36 54 36
53 39 53 40
53 40 53 41
53 40 54 40
53 41 54 41
53 42 53 43
53 42 54 42
53 43 53 44
53 44 53 45
53 45 53 46
53 46 53 47
53 46 54 46
53 47 54 47
53 48 53 49
53 48 54 48
53 49 54 49
53 50 54 50
53 51 54 51
53 52 54 52
53 55 53 56
53 56 53 57
53 57 53 58
53 58 53 59
53 58 54 58
53 59 53 60
53 59 54 59
53 60 53 61
53 60 54 60
53 61 54 61
54 2 55 2
54 4 55 4
54 5 55 5
54 6 55 6
54 7 54 8
54 8 54 9
54 9 54 10
54 11 55 11
54 12 54 13
54 13 54 14
54 16 54 17
54 17 54 18
54 17 55 17
54 18 55 18
54 20 54 21
54 22 54 23
54 22 55 22
54 23 55 23
54 25 54 26
54 26 54 27
54 26 55 26
54 28 54 29
54 29 54 30
54 29 55 29
54 30 54 31
54 30 55 30
54 31 54 32
54 31 55 31
54 32 54 33
54 32 55 32
54 33 55 33
54 35 54 36
54 35 55 35
54 37 55 37
54 39 54 40
54 40 55 40
54 41 54 42
54 41 55 41
54 42 55 42
54 44 54 45
54 44 55 44
54 45 55 45
54 46 55 46
54 47 54 48
54 47 55 47
54 51 55 51
54 53 55 53
54 54 54 55
54 55 54 56
54 57 54 58
54 58 54 59
54 59 55 59
54 62 54 63
54 62 55 62
55 1 55 2
55 1 56 1
55 2 56 2
55 3 55 4
55 3 56 3
55 5 55 6
55 6 55 7
55 6 56 6
55 7 55 8
55 7 56 7
55 9 55 10
55 11 56 11
55 12 56 12
55 13 55 14
55 14 56 14
55 15 55 16
55 15 56 15
55 16 55 17
55 18 55 19
55 19 55 20
55 21 56 21
55 22 56 22
55 23 55 24
55 24 55 25
55 25 55 26
55 25 56 25
55 26 56 26
55 28 55 29
55 28 56 28
55 29 55 30
55 30 55 31
55 30 56 30
55 31 55 32
55 31 56 31
55 32 55 33
55 32 56 32
55 34 55 35
55 34 56 34
55 35 56 35
55 36 55 37
55 37 55 38
55 39 56 39
55 40 55 41
55 40 56 40
55 41 56 41
55 42 55 43
55 42 56 42
55 43 55 44
55 43 56 43
55 44 55 45
55 44 56 44
55 45 55 46
55 46 55 47
55 46 56 46
55 47 55 48
55 47 56 47
55 48 56 48
55 49 55 50
55 49 56 49
55 51 55 52
55 52 56 52
55 54 56 54
55 56 56 56
55 59 56 59
55 60 55 61
55 60 56 60
55 62 55 63
55 62 56 62
56 1 56 2
56 1 57 1
56 2 57 2
56 3 57 3
56 4 56 5
56 4 57 4
56 5 57 5
56 6 57 6
56 9 57 9
56 11 56 12
56 12 56 13
56 14 57 14
56 16 56 17
56 16 57 16
56 17 56 18
56 17 57 17
56 18 56 19
56 19 56 20
56 19 57 19
56 21 56 22
56 22 57 22
56 23 56 24
56 24 56 25
56 24 57 24
56 25 56 26
56 25 57 25
56 26 57 26
56 27 56 28
56 29 56 30
56 30 56 31
56 30 57 30
56 31 56 32
56 31 57 31
56 32 56 33
56 32 57 32
56 33 56 34
56 35 56 36
56 37 56 38
56 38 56 39
56 39 56 40
56 41 57 41
56 42 56 43
56 42 57 42
56 43 56 44
56 43 57 43
56 45 56 46
56 45 57 45
56 47 56 48
56 49 56 50
56 50 56 51
56 51 56 52
56 51 57 51
56 52 57 52
56 53 57 53
56 54 56 55
56 54 57 54
56 55 56 56
56 55 57 55
56 56 56 57
56 57 56 58
56 57 57 57
56 59 56 60
56 59 57 59
56 61 56 62
56 62 56 63
56 63 57 63
57 1 58 1
57 3 58 3
57 4 57 5
57 5 57 6
57 6 57 7
57 8 57 9
57 8 58 8
57 9 58 9
57 10 57 11
57 11 57 12
57 12 58 12
57 13 57 14
57 14 58 14
57 15 57 16
57 15 58 15
57 16 58 16
57 18 58 18
57 19 57 20
57 20 57 21
57 20 58 20
57 21 57 22
57 21 58 21
57 22 57 23
57 26 58 26
57 27 58 27
57 28 57 29
57 30 57 31
57 31 58 31
57 33 58 33
57 34 58 34
57 35 58 35
57 36 58 36
57 37 57 38
57 37 58 37
57 38 57 39
57 39 57 40
57 39 58 39
57 42 57 43
57 42 58 42
57 43 57 44
57 45 57 46
57 46 57 47
57 46 58 46
57 47 57 48
57 48 58 48
57 49 57 50
57 49 58 49
57 50 58 50
57 51 57 52
57 51 58 51
57 52 57 53
57 52 58 52
57 53 57 54
57 53 58 53
57 54 57 55
57 56 57 57
57 56 58 56
57 57 57 58
57 57 58 57
57 59 57 60
57 60 58 60
57 61 58 61
57 62 58 62
58 1 58 2
58 4 59 4
58 5 58 6
58 5 59 5
58 6 58 7
58 6 59 6
58 7 59 7
58 8 58 9
58 8 59 8
58 9 59 9
58 11 58 12
58 12 58 13
58 13 58 14
58 13 59 13
58 14 58 15
58 14 59 14
58 15 59 15
58 16 58 17
58 17 58 18
58 18 58 19
58 18 59 18
58 20 59 20
58 21 58 22
58 22 58 23
58 24 59 24
58 25 58 26
58 25 59 25
58 26 58 27
58 26 59 26
58 27 59 27
58 29 59 29
58 32 59 32
58 33 58 34
58 33 59 33
58 35 59 35
58 36 59 36
58 37 58 38
58 38 58 39
58 38 59 38
58 40 59 40
58 41 58 42
58 41 59 41
58 43 58 44
58 43 59 43
58 44 59 44
58 45 58 46
58 47 59 47
58 48 59 48
58 50 59 50
58 51 58 52
58 51 59 51
58 52 59 52
58 54 58 55
58 54 59 54
58 56 59 56
58 57 58 58
58 58 58 59
58 59 58 60
58 60 59 60
58 61 58 62
58 61 59 61
58 62 59 62
58 63 59 63
59 1 59 2
59 5 59 6
59 6 59 7
59 8 59 9
59 9 59 10
59 10 59 11
59 11 59 12
59 13 59 14
59 15 59 16
59 18 59 19
59 19 59 20
59 20 59 21
59 21 59 22
59 22 59 23
59 23 59 24
59 24 59 25
59 25 59 26
59 26 59 27
59 30 59 31
59 33 59 34
59 34 59 35
59 35 59 36
59 37 59 38
59 38 59 39
59 41 59 42
59 47 59 48
59 48 59 49
59 51 59 52
59 52 59 53
59 53 59 54
59 54 59 55
59 57 59 58
59 59 59 60
59 61 59 62
